gym,address,timestamp,consumption,TEMP,DEWP,SLP,STP,MAX,MIN,PRCP
string,string,datetime,float,float,float,float,float,float,float,float
S,,T,,,,,,,,
Mosman,555 Military Rd Mosman 2088,2010-07-16 00:00:00.0,,,,,,,,
Mosman,555 Military Rd Mosman 2088,2010-07-16 00:15:00.0,,,40.8,,,,,
Mosman,555 Military Rd Mosman 2088,2010-07-16 00:30:00.0,,52.8,,,,,,
Mosman,555 Military Rd Mosman 2088,2010-07-16 00:45:00.0,,,,,,,,
Mosman,555 Military Rd Mosman 2088,2010-07-16 01:00:00.0,,52.8,,,,62.8,,
Mosman,555 Military Rd Mosman 2088,2010-07-16 01:15:00.0,,,,,,,,
Mosman,555 Military Rd Mosman 2088,2010-07-16 01:30:00.0,,,,,,,,0.00
Mosman,555 Military Rd Mosman 2088,2010-07-16 01:45:00.0,,,,,,,44.6,
Mosman,555 Military Rd Mosman 2088,2010-07-16 02:00:00.0,,,,,,62.8,,0.00
Mosman,555 Military Rd Mosman 2088,2010-07-16 02:15:00.0,,,,,,,,0.00
Mosman,555 Military Rd Mosman 2088,2010-07-16 02:30:00.0,,52.8,,,,,,
Mosman,555 Military Rd Mosman 2088,2010-07-16 02:45:00.0,16.39,,,,,,,
Mosman,555 Military Rd Mosman 2088,2010-07-16 03:00:00.0,,,,1060,,,,
Mosman,555 Military Rd Mosman 2088,2010-07-16 03:15:00.0,,,,,,,,
Mosman,555 Military Rd Mosman 2088,2010-07-16 03:30:00.0,,,,,,62.8,,
Mosman,555 Military Rd Mosman 2088,2010-07-16 03:45:00.0,,,,,,,44.6,0.00
Mosman,555 Military Rd Mosman 2088,2010-07-16 04:00:00.0,,,,,,,,
Mosman,555 Military Rd Mosman 2088,2010-07-16 04:15:00.0,,,,,,,,
Mosman,555 Military Rd Mosman 2088,2010-07-16 04:30:00.0,,,,,,,,0.00
Mosman,555 Military Rd Mosman 2088,2010-07-16 04:45:00.0,,,,,,,,
Mosman,555 Military Rd Mosman 2088,2010-07-16 05:00:00.0,,,40.8,,,,,
Mosman,555 Military Rd Mosman 2088,2010-07-16 05:15:00.0,,,,1060,,,,
Mosman,555 Military Rd Mosman 2088,2010-07-16 05:30:00.0,,52.8,40.8,,,,,
Mosman,555 Military Rd Mosman 2088,2010-07-16 05:45:00.0,,,,,,,,
Mosman,555 Military Rd Mosman 2088,2010-07-16 06:00:00.0,,,,,,,,
Mosman,555 Military Rd Mosman 2088,2010-07-16 06:15:00.0,,,40.8,1060,,,,
Mosman,555 Military Rd Mosman 2088,2010-07-16 06:30:00.0,35.46,,,,,,,
Mosman,555 Military Rd Mosman 2088,2010-07-16 06:45:00.0,,52.8,40.8,,,,44.6,
Mosman,555 Military Rd Mosman 2088,2010-07-16 07:00:00.0,31.63,,,,,,,
Mosman,555 Military Rd Mosman 2088,2010-07-16 07:15:00.0,,52.8,,,,,,
Mosman,555 Military Rd Mosman 2088,2010-07-16 07:30:00.0,,,,,,,,
Mosman,555 Military Rd Mosman 2088,2010-07-16 07:45:00.0,30.47,,40.8,,,,,
Mosman,555 Military Rd Mosman 2088,2010-07-16 08:00:00.0,,,,,,,,
Mosman,555 Military Rd Mosman 2088,2010-07-16 08:15:00.0,,,,,,,,
Mosman,555 Military Rd Mosman 2088,2010-07-16 08:30:00.0,,,,,,,,
Mosman,555 Military Rd Mosman 2088,2010-07-16 08:45:00.0,,,,,1060,,,
Mosman,555 Military Rd Mosman 2088,2010-07-16 09:00:00.0,,,40.8,,,,,
Mosman,555 Military Rd Mosman 2088,2010-07-16 09:15:00.0,,,,,,62.8,,
Mosman,555 Military Rd Mosman 2088,2010-07-16 09:30:00.0,,,,,,,,
Mosman,555 Military Rd Mosman 2088,2010-07-16 09:45:00.0,,,,,,,,
Mosman,555 Military Rd Mosman 2088,2010-07-16 10:00:00.0,32.91,,,,,,,
Mosman,555 Military Rd Mosman 2088,2010-07-16 10:15:00.0,,,,,,,,
Mosman,555 Military Rd Mosman 2088,2010-07-16 10:30:00.0,,,,,,62.8,,
Mosman,555 Military Rd Mosman 2088,2010-07-16 10:45:00.0,,,,,,,,
Mosman,555 Military Rd Mosman 2088,2010-07-16 11:00:00.0,,,,,,,,
Mosman,555 Military Rd Mosman 2088,2010-07-16 11:15:00.0,,,,,,62.8,,
Mosman,555 Military Rd Mosman 2088,2010-07-16 11:30:00.0,,,,,,62.8,,
Mosman,555 Military Rd Mosman 2088,2010-07-16 11:45:00.0,,,,,1060,,,
Mosman,555 Military Rd Mosman 2088,2010-07-16 12:00:00.0,,,,,1060,,,
Mosman,555 Military Rd Mosman 2088,2010-07-16 12:15:00.0,,,,,,,,
Mosman,555 Military Rd Mosman 2088,2010-07-16 12:30:00.0,,,,,,,,
Mosman,555 Military Rd Mosman 2088,2010-07-16 12:45:00.0,,,,,,,,
Mosman,555 Military Rd Mosman 2088,2010-07-16 13:00:00.0,,,,,,,,
Mosman,555 Military Rd Mosman 2088,2010-07-16 13:15:00.0,,,,,1060,,,
Mosman,555 Military Rd Mosman 2088,2010-07-16 13:30:00.0,,,,,1060,,,
Mosman,555 Military Rd Mosman 2088,2010-07-16 13:45:00.0,,,,,,,,
Mosman,555 Military Rd Mosman 2088,2010-07-16 14:00:00.0,,,,,,,,
Mosman,555 Military Rd Mosman 2088,2010-07-16 14:15:00.0,,,,,1060,62.8,,
Mosman,555 Military Rd Mosman 2088,2010-07-16 14:30:00.0,,,,,1060,,,
Mosman,555 Military Rd Mosman 2088,2010-07-16 14:45:00.0,,,,,,,,0.00
Mosman,555 Military Rd Mosman 2088,2010-07-16 15:00:00.0,,,,,,,,
Mosman,555 Military Rd Mosman 2088,2010-07-16 15:15:00.0,33.33,,,,1060,,,
Mosman,555 Military Rd Mosman 2088,2010-07-16 15:30:00.0,,,,,,,,
Mosman,555 Military Rd Mosman 2088,2010-07-16 15:45:00.0,,,40.8,,,,,0.00
Mosman,555 Military Rd Mosman 2088,2010-07-16 16:00:00.0,,,,,1060,,,
Mosman,555 Military Rd Mosman 2088,2010-07-16 16:15:00.0,,,,,,,,
Mosman,555 Military Rd Mosman 2088,2010-07-16 16:30:00.0,,,,,,62.8,,
Mosman,555 Military Rd Mosman 2088,2010-07-16 16:45:00.0,,,,,,62.8,,
Mosman,555 Military Rd Mosman 2088,2010-07-16 17:00:00.0,,,40.8,,,,,
Mosman,555 Military Rd Mosman 2088,2010-07-16 17:15:00.0,,,,,,,,
Mosman,555 Military Rd Mosman 2088,2010-07-16 17:30:00.0,,,,1060,,,,
Mosman,555 Military Rd Mosman 2088,2010-07-16 17:45:00.0,,,,,,,,
Mosman,555 Military Rd Mosman 2088,2010-07-16 18:00:00.0,35.11,,,,,,,
Mosman,555 Military Rd Mosman 2088,2010-07-16 18:15:00.0,33.77,,,,,,,
Mosman,555 Military Rd Mosman 2088,2010-07-16 18:30:00.0,,,,,,,,
Mosman,555 Military Rd Mosman 2088,2010-07-16 18:45:00.0,,,,,,,,0.00
Mosman,555 Military Rd Mosman 2088,2010-07-16 19:00:00.0,,,,,1060,,,
Mosman,555 Military Rd Mosman 2088,2010-07-16 19:15:00.0,,,,,,,,
Mosman,555 Military Rd Mosman 2088,2010-07-16 19:30:00.0,,,,,,,,
Mosman,555 Military Rd Mosman 2088,2010-07-16 19:45:00.0,32.44,,,,1060,,44.6,
Mosman,555 Military Rd Mosman 2088,2010-07-16 20:00:00.0,,,,,,62.8,,
Mosman,555 Military Rd Mosman 2088,2010-07-16 20:15:00.0,,52.8,,,,,44.6,
Mosman,555 Military Rd Mosman 2088,2010-07-16 20:30:00.0,,,,1060,1060,,,
Mosman,555 Military Rd Mosman 2088,2010-07-16 20:45:00.0,,,,,,,,
Mosman,555 Military Rd Mosman 2088,2010-07-16 21:00:00.0,28.77,,,1060,,,44.6,
Mosman,555 Military Rd Mosman 2088,2010-07-16 21:15:00.0,,,,,,,,
Mosman,555 Military Rd Mosman 2088,2010-07-16 21:30:00.0,,,,,,,,
Mosman,555 Military Rd Mosman 2088,2010-07-16 21:45:00.0,,,,1060,,,,
Mosman,555 Military Rd Mosman 2088,2010-07-16 22:00:00.0,,,,,,,,
Mosman,555 Military Rd Mosman 2088,2010-07-16 22:15:00.0,,,,,,,,
Mosman,555 Military Rd Mosman 2088,2010-07-16 22:30:00.0,,52.8,,,1060,,,
Mosman,555 Military Rd Mosman 2088,2010-07-16 22:45:00.0,,,,,,,,
Mosman,555 Military Rd Mosman 2088,2010-07-16 23:00:00.0,17.43,,,,,,44.6,
Mosman,555 Military Rd Mosman 2088,2010-07-16 23:15:00.0,,,,,,,,
Mosman,555 Military Rd Mosman 2088,2010-07-16 23:30:00.0,,,,,,,,
Mosman,555 Military Rd Mosman 2088,2010-07-16 23:45:00.0,,,40.8,1060,,,,
Mosman,555 Military Rd Mosman 2088,2010-07-17 00:00:00.0,,,,1060,,,,0.00
Mosman,555 Military Rd Mosman 2088,2010-07-17 00:15:00.0,,,,,,,,
Mosman,555 Military Rd Mosman 2088,2010-07-17 00:30:00.0,,,,,,,,
Mosman,555 Military Rd Mosman 2088,2010-07-17 00:45:00.0,,,,1060,,,,
Mosman,555 Military Rd Mosman 2088,2010-07-17 01:00:00.0,,,,,,,,
Mosman,555 Military Rd Mosman 2088,2010-07-17 01:15:00.0,,,,,,,,0.00
Mosman,555 Military Rd Mosman 2088,2010-07-17 01:30:00.0,15.81,,,,,,,
Mosman,555 Military Rd Mosman 2088,2010-07-17 01:45:00.0,,,,,1060,,,
Mosman,555 Military Rd Mosman 2088,2010-07-17 02:00:00.0,,,,,,,,
Mosman,555 Military Rd Mosman 2088,2010-07-17 02:15:00.0,,,,,,,,
Mosman,555 Military Rd Mosman 2088,2010-07-17 02:30:00.0,,,,1060,,,,
Mosman,555 Military Rd Mosman 2088,2010-07-17 02:45:00.0,,,,,,,,
Mosman,555 Military Rd Mosman 2088,2010-07-17 03:00:00.0,,,,,1060,,,
Mosman,555 Military Rd Mosman 2088,2010-07-17 03:15:00.0,,,,,,,,
Mosman,555 Military Rd Mosman 2088,2010-07-17 03:30:00.0,,,,,,,,
Mosman,555 Military Rd Mosman 2088,2010-07-17 03:45:00.0,,53.8,,,,,,
Mosman,555 Military Rd Mosman 2088,2010-07-17 04:00:00.0,,,,,,61.9,,
Mosman,555 Military Rd Mosman 2088,2010-07-17 04:15:00.0,,,42.3,,,,,
Mosman,555 Military Rd Mosman 2088,2010-07-17 04:30:00.0,,,,,,61.9,,
Mosman,555 Military Rd Mosman 2088,2010-07-17 04:45:00.0,,,,,,,,
Mosman,555 Military Rd Mosman 2088,2010-07-17 05:00:00.0,,,,,,,,
Mosman,555 Military Rd Mosman 2088,2010-07-17 05:15:00.0,,,,,,,,
Mosman,555 Military Rd Mosman 2088,2010-07-17 05:30:00.0,,,,,,,,
Mosman,555 Military Rd Mosman 2088,2010-07-17 05:45:00.0,,,,,,,,
Mosman,555 Military Rd Mosman 2088,2010-07-17 06:00:00.0,,,,,,61.9,,
Mosman,555 Military Rd Mosman 2088,2010-07-17 06:15:00.0,,,,,1060,,,
Mosman,555 Military Rd Mosman 2088,2010-07-17 06:30:00.0,,,,,,,,
Mosman,555 Military Rd Mosman 2088,2010-07-17 06:45:00.0,,,,,,,,
Mosman,555 Military Rd Mosman 2088,2010-07-17 07:00:00.0,,,,,,,,
Mosman,555 Military Rd Mosman 2088,2010-07-17 07:15:00.0,,,,,,,,
Mosman,555 Military Rd Mosman 2088,2010-07-17 07:30:00.0,,,,,,61.9,,0.00
Mosman,555 Military Rd Mosman 2088,2010-07-17 07:45:00.0,,,,,,,,0.00
Mosman,555 Military Rd Mosman 2088,2010-07-17 08:00:00.0,,,,1060,,,43.9,
Mosman,555 Military Rd Mosman 2088,2010-07-17 08:15:00.0,,53.8,,,,,,
Mosman,555 Military Rd Mosman 2088,2010-07-17 08:30:00.0,,,,,,,,
Mosman,555 Military Rd Mosman 2088,2010-07-17 08:45:00.0,,,,,,,,
Mosman,555 Military Rd Mosman 2088,2010-07-17 09:00:00.0,,,,,,,,
Mosman,555 Military Rd Mosman 2088,2010-07-17 09:15:00.0,,,,,,,,
Mosman,555 Military Rd Mosman 2088,2010-07-17 09:30:00.0,,,,,,,,
Mosman,555 Military Rd Mosman 2088,2010-07-17 09:45:00.0,,,,,,,,
Mosman,555 Military Rd Mosman 2088,2010-07-17 10:00:00.0,39.53,,,,,,,
Mosman,555 Military Rd Mosman 2088,2010-07-17 10:15:00.0,,,,1060,,,,0.00
Mosman,555 Military Rd Mosman 2088,2010-07-17 10:30:00.0,,,,,,61.9,,0.00
Mosman,555 Military Rd Mosman 2088,2010-07-17 10:45:00.0,,,,,,,,
Mosman,555 Military Rd Mosman 2088,2010-07-17 11:00:00.0,,,,,,,,
Mosman,555 Military Rd Mosman 2088,2010-07-17 11:15:00.0,,53.8,,,,,,0.00
Mosman,555 Military Rd Mosman 2088,2010-07-17 11:30:00.0,,,,,,,,
Mosman,555 Military Rd Mosman 2088,2010-07-17 11:45:00.0,,53.8,,,,,43.9,
Mosman,555 Military Rd Mosman 2088,2010-07-17 12:00:00.0,,,,,,,,
Mosman,555 Military Rd Mosman 2088,2010-07-17 12:15:00.0,,,,,1060,,,
Mosman,555 Military Rd Mosman 2088,2010-07-17 12:30:00.0,,,,,,,,
Mosman,555 Military Rd Mosman 2088,2010-07-17 12:45:00.0,,,,,,,,
Mosman,555 Military Rd Mosman 2088,2010-07-17 13:00:00.0,,,,,,,,
Mosman,555 Military Rd Mosman 2088,2010-07-17 13:15:00.0,,,,1060,,,43.9,
Mosman,555 Military Rd Mosman 2088,2010-07-17 13:30:00.0,,,,,,,,
Mosman,555 Military Rd Mosman 2088,2010-07-17 13:45:00.0,35.88,,,,,,,
Mosman,555 Military Rd Mosman 2088,2010-07-17 14:00:00.0,,,,,,,,
Mosman,555 Military Rd Mosman 2088,2010-07-17 14:15:00.0,,,,,,,43.9,
Mosman,555 Military Rd Mosman 2088,2010-07-17 14:30:00.0,,,,,,61.9,,
Mosman,555 Military Rd Mosman 2088,2010-07-17 14:45:00.0,,,,,,,,
Mosman,555 Military Rd Mosman 2088,2010-07-17 15:00:00.0,,,,,,,,0.00
Mosman,555 Military Rd Mosman 2088,2010-07-17 15:15:00.0,,,,,,,,
Mosman,555 Military Rd Mosman 2088,2010-07-17 15:30:00.0,,,,,,,,
Mosman,555 Military Rd Mosman 2088,2010-07-17 15:45:00.0,,,42.3,,,61.9,,
Mosman,555 Military Rd Mosman 2088,2010-07-17 16:00:00.0,,,,,,,,
Mosman,555 Military Rd Mosman 2088,2010-07-17 16:15:00.0,,,,,,,,
Mosman,555 Military Rd Mosman 2088,2010-07-17 16:30:00.0,,,,1060,1060,,,
Mosman,555 Military Rd Mosman 2088,2010-07-17 16:45:00.0,,53.8,,,,,43.9,
Mosman,555 Military Rd Mosman 2088,2010-07-17 17:00:00.0,,,,,,,,
Mosman,555 Military Rd Mosman 2088,2010-07-17 17:15:00.0,,,,,,,,
Mosman,555 Military Rd Mosman 2088,2010-07-17 17:30:00.0,,,,,,,,
Mosman,555 Military Rd Mosman 2088,2010-07-17 17:45:00.0,,53.8,42.3,,,61.9,,
Mosman,555 Military Rd Mosman 2088,2010-07-17 18:00:00.0,36.08,,,,,61.9,,
Mosman,555 Military Rd Mosman 2088,2010-07-17 18:15:00.0,,,,1060,,,,
Mosman,555 Military Rd Mosman 2088,2010-07-17 18:30:00.0,,,,,,,43.9,
Mosman,555 Military Rd Mosman 2088,2010-07-17 18:45:00.0,,,,1060,,,43.9,
Mosman,555 Military Rd Mosman 2088,2010-07-17 19:00:00.0,,,,,,,,
Mosman,555 Military Rd Mosman 2088,2010-07-17 19:15:00.0,,,,,,,,
Mosman,555 Military Rd Mosman 2088,2010-07-17 19:30:00.0,,,,,,,,
Mosman,555 Military Rd Mosman 2088,2010-07-17 19:45:00.0,,,,,,,,
Mosman,555 Military Rd Mosman 2088,2010-07-17 20:00:00.0,,,,,,,,0.00
Mosman,555 Military Rd Mosman 2088,2010-07-17 20:15:00.0,,53.8,,,,,,
Mosman,555 Military Rd Mosman 2088,2010-07-17 20:30:00.0,,,,1060,,,,0.00
Mosman,555 Military Rd Mosman 2088,2010-07-17 20:45:00.0,,,,,,,,
Mosman,555 Military Rd Mosman 2088,2010-07-17 21:00:00.0,,,,1060,1060,,,
Mosman,555 Military Rd Mosman 2088,2010-07-17 21:15:00.0,16.81,53.8,,,,,,
Mosman,555 Military Rd Mosman 2088,2010-07-17 21:30:00.0,,,,,,,,
Mosman,555 Military Rd Mosman 2088,2010-07-17 21:45:00.0,,,,,,,,
Mosman,555 Military Rd Mosman 2088,2010-07-17 22:00:00.0,,,,,,,,0.00
Mosman,555 Military Rd Mosman 2088,2010-07-17 22:15:00.0,,53.8,,1060,,,,
Mosman,555 Military Rd Mosman 2088,2010-07-17 22:30:00.0,,,,,,61.9,,
Mosman,555 Military Rd Mosman 2088,2010-07-17 22:45:00.0,,,,,,,,
Mosman,555 Military Rd Mosman 2088,2010-07-17 23:00:00.0,,,,,,,,
Mosman,555 Military Rd Mosman 2088,2010-07-17 23:15:00.0,,,,,1060,,,
Mosman,555 Military Rd Mosman 2088,2010-07-17 23:30:00.0,,,,,,,,
Mosman,555 Military Rd Mosman 2088,2010-07-17 23:45:00.0,,,,,1060,,,
Mosman,555 Military Rd Mosman 2088,2010-07-18 00:00:00.0,,,,,,,,
Mosman,555 Military Rd Mosman 2088,2010-07-18 00:15:00.0,,,,,,,,0.00
Mosman,555 Military Rd Mosman 2088,2010-07-18 00:30:00.0,,,,,,,,
Mosman,555 Military Rd Mosman 2088,2010-07-18 00:45:00.0,,56.8,,,,,,
Mosman,555 Military Rd Mosman 2088,2010-07-18 01:00:00.0,,,,1060,,67.8,,
Mosman,555 Military Rd Mosman 2088,2010-07-18 01:15:00.0,,,,,,,,
Mosman,555 Military Rd Mosman 2088,2010-07-18 01:30:00.0,,,,,,,,
Mosman,555 Military Rd Mosman 2088,2010-07-18 01:45:00.0,,,,,,,,
Mosman,555 Military Rd Mosman 2088,2010-07-18 02:00:00.0,,56.8,,,,,,
Mosman,555 Military Rd Mosman 2088,2010-07-18 02:15:00.0,,,,,1060,,43.0,
Mosman,555 Military Rd Mosman 2088,2010-07-18 02:30:00.0,,,,,,,,
Mosman,555 Military Rd Mosman 2088,2010-07-18 02:45:00.0,,,,,1060,,,
Mosman,555 Military Rd Mosman 2088,2010-07-18 03:00:00.0,,,,,,,,
Mosman,555 Military Rd Mosman 2088,2010-07-18 03:15:00.0,,,,,,,,
Mosman,555 Military Rd Mosman 2088,2010-07-18 03:30:00.0,,,,,1060,,43.0,
Mosman,555 Military Rd Mosman 2088,2010-07-18 03:45:00.0,,,,,,,,
Mosman,555 Military Rd Mosman 2088,2010-07-18 04:00:00.0,,,,1060,,,,
Mosman,555 Military Rd Mosman 2088,2010-07-18 04:15:00.0,,,,,,,,
Mosman,555 Military Rd Mosman 2088,2010-07-18 04:30:00.0,,,,,,,,
Mosman,555 Military Rd Mosman 2088,2010-07-18 04:45:00.0,,,38.1,1060,,67.8,,0.00
Mosman,555 Military Rd Mosman 2088,2010-07-18 05:00:00.0,,,,,,,,
Mosman,555 Military Rd Mosman 2088,2010-07-18 05:15:00.0,,,,1060,,,,
Mosman,555 Military Rd Mosman 2088,2010-07-18 05:30:00.0,,,,,,,,
Mosman,555 Military Rd Mosman 2088,2010-07-18 05:45:00.0,,,,,,,,
Mosman,555 Military Rd Mosman 2088,2010-07-18 06:00:00.0,,,,,,67.8,,
Mosman,555 Military Rd Mosman 2088,2010-07-18 06:15:00.0,,,,,,,,
Mosman,555 Military Rd Mosman 2088,2010-07-18 06:30:00.0,,,38.1,,,,,
Mosman,555 Military Rd Mosman 2088,2010-07-18 06:45:00.0,,,,,,,,
Mosman,555 Military Rd Mosman 2088,2010-07-18 07:00:00.0,,,,,,,,
Mosman,555 Military Rd Mosman 2088,2010-07-18 07:15:00.0,,,,,,67.8,,
Mosman,555 Military Rd Mosman 2088,2010-07-18 07:30:00.0,,,,,1060,67.8,,
Mosman,555 Military Rd Mosman 2088,2010-07-18 07:45:00.0,26.72,,,,,,,
Mosman,555 Military Rd Mosman 2088,2010-07-18 08:00:00.0,,,,1060,,,43.0,
Mosman,555 Military Rd Mosman 2088,2010-07-18 08:15:00.0,,56.8,,,,,,
Mosman,555 Military Rd Mosman 2088,2010-07-18 08:30:00.0,,,,,,,,
Mosman,555 Military Rd Mosman 2088,2010-07-18 08:45:00.0,,,,,,,,
Mosman,555 Military Rd Mosman 2088,2010-07-18 09:00:00.0,,,,,,,,
Mosman,555 Military Rd Mosman 2088,2010-07-18 09:15:00.0,,,,,,,,
Mosman,555 Military Rd Mosman 2088,2010-07-18 09:30:00.0,,,,,,,,
Mosman,555 Military Rd Mosman 2088,2010-07-18 09:45:00.0,,56.8,,,,67.8,,
Mosman,555 Military Rd Mosman 2088,2010-07-18 10:00:00.0,,,,,,,43.0,
Mosman,555 Military Rd Mosman 2088,2010-07-18 10:15:00.0,,,,,1060,,,
Mosman,555 Military Rd Mosman 2088,2010-07-18 10:30:00.0,,,,,,,,
Mosman,555 Military Rd Mosman 2088,2010-07-18 10:45:00.0,36.46,56.8,,,,,,
Mosman,555 Military Rd Mosman 2088,2010-07-18 11:00:00.0,,,,,,67.8,,
Mosman,555 Military Rd Mosman 2088,2010-07-18 11:15:00.0,,,,1060,,,,
Mosman,555 Military Rd Mosman 2088,2010-07-18 11:30:00.0,38.87,,,,,,,
Mosman,555 Military Rd Mosman 2088,2010-07-18 11:45:00.0,,,,,,,43.0,
Mosman,555 Military Rd Mosman 2088,2010-07-18 12:00:00.0,,,,,,,,
Mosman,555 Military Rd Mosman 2088,2010-07-18 12:15:00.0,,,,,,,,
Mosman,555 Military Rd Mosman 2088,2010-07-18 12:30:00.0,,,38.1,,,,,
Mosman,555 Military Rd Mosman 2088,2010-07-18 12:45:00.0,,,,1060,,,,
Mosman,555 Military Rd Mosman 2088,2010-07-18 13:00:00.0,,,,,,,,
Mosman,555 Military Rd Mosman 2088,2010-07-18 13:15:00.0,,,,,,,,
Mosman,555 Military Rd Mosman 2088,2010-07-18 13:30:00.0,,56.8,,,,,,
Mosman,555 Military Rd Mosman 2088,2010-07-18 13:45:00.0,,,,,,,,0.00
Mosman,555 Military Rd Mosman 2088,2010-07-18 14:00:00.0,,,,,,,43.0,
Mosman,555 Military Rd Mosman 2088,2010-07-18 14:15:00.0,,,,,,,,
Mosman,555 Military Rd Mosman 2088,2010-07-18 14:30:00.0,,,,,,,,
Mosman,555 Military Rd Mosman 2088,2010-07-18 14:45:00.0,,,38.1,,,,,
Mosman,555 Military Rd Mosman 2088,2010-07-18 15:00:00.0,,,,,,,43.0,
Mosman,555 Military Rd Mosman 2088,2010-07-18 15:15:00.0,,,,,,,,
Mosman,555 Military Rd Mosman 2088,2010-07-18 15:30:00.0,,,38.1,,,,,
Mosman,555 Military Rd Mosman 2088,2010-07-18 15:45:00.0,,,38.1,,,,,
Mosman,555 Military Rd Mosman 2088,2010-07-18 16:00:00.0,34.85,,,,,,,
Mosman,555 Military Rd Mosman 2088,2010-07-18 16:15:00.0,,,,,,,,
Mosman,555 Military Rd Mosman 2088,2010-07-18 16:30:00.0,,,,,,67.8,,
Mosman,555 Military Rd Mosman 2088,2010-07-18 16:45:00.0,,56.8,,,,67.8,,
Mosman,555 Military Rd Mosman 2088,2010-07-18 17:00:00.0,,,,,,67.8,,
Mosman,555 Military Rd Mosman 2088,2010-07-18 17:15:00.0,,,,,,,,
Mosman,555 Military Rd Mosman 2088,2010-07-18 17:30:00.0,,,,,,,,
Mosman,555 Military Rd Mosman 2088,2010-07-18 17:45:00.0,,,,,,,,
Mosman,555 Military Rd Mosman 2088,2010-07-18 18:00:00.0,,,,,,,43.0,
Mosman,555 Military Rd Mosman 2088,2010-07-18 18:15:00.0,,,,,,,,
Mosman,555 Military Rd Mosman 2088,2010-07-18 18:30:00.0,,,,,,,,
Mosman,555 Military Rd Mosman 2088,2010-07-18 18:45:00.0,33.28,,,,,,,
Mosman,555 Military Rd Mosman 2088,2010-07-18 19:00:00.0,,,,,,,,
Mosman,555 Military Rd Mosman 2088,2010-07-18 19:15:00.0,,,,,,,,
Mosman,555 Military Rd Mosman 2088,2010-07-18 19:30:00.0,,,,,,67.8,,
Mosman,555 Military Rd Mosman 2088,2010-07-18 19:45:00.0,,,,,,,,
Mosman,555 Military Rd Mosman 2088,2010-07-18 20:00:00.0,,,,,,,,
Mosman,555 Military Rd Mosman 2088,2010-07-18 20:15:00.0,,,,,,,,
Mosman,555 Military Rd Mosman 2088,2010-07-18 20:30:00.0,,,,,,,,
Mosman,555 Military Rd Mosman 2088,2010-07-18 20:45:00.0,,,38.1,,,67.8,,0.00
Mosman,555 Military Rd Mosman 2088,2010-07-18 21:00:00.0,,,,,,,,
Mosman,555 Military Rd Mosman 2088,2010-07-18 21:15:00.0,,,,,,,,
Mosman,555 Military Rd Mosman 2088,2010-07-18 21:30:00.0,,,,,,,,
Mosman,555 Military Rd Mosman 2088,2010-07-18 21:45:00.0,,,38.1,,,,,
Mosman,555 Military Rd Mosman 2088,2010-07-18 22:00:00.0,,,,,,,,
Mosman,555 Military Rd Mosman 2088,2010-07-18 22:15:00.0,,,,,1060,67.8,,
Mosman,555 Military Rd Mosman 2088,2010-07-18 22:30:00.0,,,,,,67.8,,
Mosman,555 Military Rd Mosman 2088,2010-07-18 22:45:00.0,,,,,,,,
Mosman,555 Military Rd Mosman 2088,2010-07-18 23:00:00.0,,,,,,,,0.00
Mosman,555 Military Rd Mosman 2088,2010-07-18 23:15:00.0,,,,,,,,
Mosman,555 Military Rd Mosman 2088,2010-07-18 23:30:00.0,,,38.1,,,,,0.00
Mosman,555 Military Rd Mosman 2088,2010-07-18 23:45:00.0,,,,,,,,
Mosman,555 Military Rd Mosman 2088,2010-07-19 00:00:00.0,,52.9,,,,,,
Mosman,555 Military Rd Mosman 2088,2010-07-19 00:15:00.0,,,,,,,,
Mosman,555 Military Rd Mosman 2088,2010-07-19 00:30:00.0,,,,,,,,
Mosman,555 Military Rd Mosman 2088,2010-07-19 00:45:00.0,,,,,,,,
Mosman,555 Military Rd Mosman 2088,2010-07-19 01:00:00.0,,,,,,,,
Mosman,555 Military Rd Mosman 2088,2010-07-19 01:15:00.0,,,,1060,,,,
Mosman,555 Military Rd Mosman 2088,2010-07-19 01:30:00.0,,,,,,,,0.00
Mosman,555 Military Rd Mosman 2088,2010-07-19 01:45:00.0,,,,,,60.3,,
Mosman,555 Military Rd Mosman 2088,2010-07-19 02:00:00.0,,,,,,,,
Mosman,555 Military Rd Mosman 2088,2010-07-19 02:15:00.0,,,,,1060,,,
Mosman,555 Military Rd Mosman 2088,2010-07-19 02:30:00.0,,,,,,,,
Mosman,555 Military Rd Mosman 2088,2010-07-19 02:45:00.0,,,,,,,,
Mosman,555 Military Rd Mosman 2088,2010-07-19 03:00:00.0,,,,,,,,
Mosman,555 Military Rd Mosman 2088,2010-07-19 03:15:00.0,,,,,,,,
Mosman,555 Military Rd Mosman 2088,2010-07-19 03:30:00.0,,,,,,,,0.00
Mosman,555 Military Rd Mosman 2088,2010-07-19 03:45:00.0,,52.9,,,,,,
Mosman,555 Military Rd Mosman 2088,2010-07-19 04:00:00.0,,,42.6,,,,,0.00
Mosman,555 Military Rd Mosman 2088,2010-07-19 04:15:00.0,,,,,,,,0.00
Mosman,555 Military Rd Mosman 2088,2010-07-19 04:30:00.0,,52.9,,,,,,
Mosman,555 Military Rd Mosman 2088,2010-07-19 04:45:00.0,,,,,,,,
Mosman,555 Military Rd Mosman 2088,2010-07-19 05:00:00.0,,,,1060,,,,
Mosman,555 Military Rd Mosman 2088,2010-07-19 05:15:00.0,,,,1060,,,,
Mosman,555 Military Rd Mosman 2088,2010-07-19 05:30:00.0,,,,,,,,
Mosman,555 Military Rd Mosman 2088,2010-07-19 05:45:00.0,,,,,,,,
Mosman,555 Military Rd Mosman 2088,2010-07-19 06:00:00.0,,,,,1060,,,
Mosman,555 Military Rd Mosman 2088,2010-07-19 06:15:00.0,,,,,,60.3,,
Mosman,555 Military Rd Mosman 2088,2010-07-19 06:30:00.0,,,,,,,,
Mosman,555 Military Rd Mosman 2088,2010-07-19 06:45:00.0,,,,,1060,,,
Mosman,555 Military Rd Mosman 2088,2010-07-19 07:00:00.0,,,,,,,,
Mosman,555 Military Rd Mosman 2088,2010-07-19 07:15:00.0,,52.9,,,1060,,,
Mosman,555 Military Rd Mosman 2088,2010-07-19 07:30:00.0,,,42.6,,,,,
Mosman,555 Military Rd Mosman 2088,2010-07-19 07:45:00.0,33.17,,,1060,,,,0.00
Mosman,555 Military Rd Mosman 2088,2010-07-19 08:00:00.0,,,,1060,,,,
Mosman,555 Military Rd Mosman 2088,2010-07-19 08:15:00.0,33.36,,,,,,,0.00
Mosman,555 Military Rd Mosman 2088,2010-07-19 08:30:00.0,,,,,,,,
Mosman,555 Military Rd Mosman 2088,2010-07-19 08:45:00.0,,,,,1060,,,
Mosman,555 Military Rd Mosman 2088,2010-07-19 09:00:00.0,,,,,,,,
Mosman,555 Military Rd Mosman 2088,2010-07-19 09:15:00.0,,,,,,60.3,,
Mosman,555 Military Rd Mosman 2088,2010-07-19 09:30:00.0,,52.9,,,,,,
Mosman,555 Military Rd Mosman 2088,2010-07-19 09:45:00.0,,52.9,,1060,,,,
Mosman,555 Military Rd Mosman 2088,2010-07-19 10:00:00.0,,,,1060,,,,
Mosman,555 Military Rd Mosman 2088,2010-07-19 10:15:00.0,,,,,,,,
Mosman,555 Military Rd Mosman 2088,2010-07-19 10:30:00.0,,,,,,,,
Mosman,555 Military Rd Mosman 2088,2010-07-19 10:45:00.0,,,,,1060,,,
Mosman,555 Military Rd Mosman 2088,2010-07-19 11:00:00.0,,,,1060,,,,
Mosman,555 Military Rd Mosman 2088,2010-07-19 11:15:00.0,,,,,,,44.6,
Mosman,555 Military Rd Mosman 2088,2010-07-19 11:30:00.0,,,,,,,,
Mosman,555 Military Rd Mosman 2088,2010-07-19 11:45:00.0,,,,1060,,,,
Mosman,555 Military Rd Mosman 2088,2010-07-19 12:00:00.0,33.88,,,,,60.3,,
Mosman,555 Military Rd Mosman 2088,2010-07-19 12:15:00.0,,,42.6,,,60.3,,
Mosman,555 Military Rd Mosman 2088,2010-07-19 12:30:00.0,,,,,,,,
Mosman,555 Military Rd Mosman 2088,2010-07-19 12:45:00.0,,,,,,,,
Mosman,555 Military Rd Mosman 2088,2010-07-19 13:00:00.0,,52.9,,,,60.3,,0.00
Mosman,555 Military Rd Mosman 2088,2010-07-19 13:15:00.0,,,,,1060,,,
Mosman,555 Military Rd Mosman 2088,2010-07-19 13:30:00.0,,,,,,,,0.00
Mosman,555 Military Rd Mosman 2088,2010-07-19 13:45:00.0,,52.9,,,,,,0.00
Mosman,555 Military Rd Mosman 2088,2010-07-19 14:00:00.0,,,,,,,,
Mosman,555 Military Rd Mosman 2088,2010-07-19 14:15:00.0,33.39,,,,,,,
Mosman,555 Military Rd Mosman 2088,2010-07-19 14:30:00.0,,,,,,,,
Mosman,555 Military Rd Mosman 2088,2010-07-19 14:45:00.0,,52.9,,,,,,
Mosman,555 Military Rd Mosman 2088,2010-07-19 15:00:00.0,,,,,,,,
Mosman,555 Military Rd Mosman 2088,2010-07-19 15:15:00.0,,,,,,,,
Mosman,555 Military Rd Mosman 2088,2010-07-19 15:30:00.0,,,,,,,,
Mosman,555 Military Rd Mosman 2088,2010-07-19 15:45:00.0,,,,,,,,
Mosman,555 Military Rd Mosman 2088,2010-07-19 16:00:00.0,,,,,,,,
Mosman,555 Military Rd Mosman 2088,2010-07-19 16:15:00.0,,,,,,,,
Mosman,555 Military Rd Mosman 2088,2010-07-19 16:30:00.0,,,42.6,,1060,,,0.00
Mosman,555 Military Rd Mosman 2088,2010-07-19 16:45:00.0,,,,,,,44.6,0.00
Mosman,555 Military Rd Mosman 2088,2010-07-19 17:00:00.0,36.65,,,1060,,,,
Mosman,555 Military Rd Mosman 2088,2010-07-19 17:15:00.0,,,,,,,,
Mosman,555 Military Rd Mosman 2088,2010-07-19 17:30:00.0,,,,,,,,0.00
Mosman,555 Military Rd Mosman 2088,2010-07-19 17:45:00.0,,,42.6,,,,,
Mosman,555 Military Rd Mosman 2088,2010-07-19 18:00:00.0,,,,,,60.3,,
Mosman,555 Military Rd Mosman 2088,2010-07-19 18:15:00.0,,52.9,,,,,,
Mosman,555 Military Rd Mosman 2088,2010-07-19 18:30:00.0,38.2,,,,,,,
Mosman,555 Military Rd Mosman 2088,2010-07-19 18:45:00.0,,,,,,,,
Mosman,555 Military Rd Mosman 2088,2010-07-19 19:00:00.0,,52.9,,,,,,
Mosman,555 Military Rd Mosman 2088,2010-07-19 19:15:00.0,,,,,,,,
Mosman,555 Military Rd Mosman 2088,2010-07-19 19:30:00.0,,52.9,,,,60.3,,
Mosman,555 Military Rd Mosman 2088,2010-07-19 19:45:00.0,,,,,,,,
Mosman,555 Military Rd Mosman 2088,2010-07-19 20:00:00.0,,,42.6,,1060,,,
Mosman,555 Military Rd Mosman 2088,2010-07-19 20:15:00.0,,,,,,,,
Mosman,555 Military Rd Mosman 2088,2010-07-19 20:30:00.0,,,,,,,,
Mosman,555 Military Rd Mosman 2088,2010-07-19 20:45:00.0,,,,,,,,
Mosman,555 Military Rd Mosman 2088,2010-07-19 21:00:00.0,,,,,,,,
Mosman,555 Military Rd Mosman 2088,2010-07-19 21:15:00.0,,,,1060,,,,
Mosman,555 Military Rd Mosman 2088,2010-07-19 21:30:00.0,,,,,,,,
Mosman,555 Military Rd Mosman 2088,2010-07-19 21:45:00.0,,,,,,,,
Mosman,555 Military Rd Mosman 2088,2010-07-19 22:00:00.0,,52.9,,,,,44.6,
Mosman,555 Military Rd Mosman 2088,2010-07-19 22:15:00.0,,,,,,,,
Mosman,555 Military Rd Mosman 2088,2010-07-19 22:30:00.0,,,,,,,,
Mosman,555 Military Rd Mosman 2088,2010-07-19 22:45:00.0,,,,,,,,
Mosman,555 Military Rd Mosman 2088,2010-07-19 23:00:00.0,,52.9,,,,,,
Mosman,555 Military Rd Mosman 2088,2010-07-19 23:15:00.0,,,,,,,,
Mosman,555 Military Rd Mosman 2088,2010-07-19 23:30:00.0,,,,1060,,60.3,,
Mosman,555 Military Rd Mosman 2088,2010-07-19 23:45:00.0,,,,,,,,
Mosman,555 Military Rd Mosman 2088,2010-07-20 00:00:00.0,,,,,,,,
Mosman,555 Military Rd Mosman 2088,2010-07-20 00:15:00.0,,,,,,,,
Mosman,555 Military Rd Mosman 2088,2010-07-20 00:30:00.0,,,,,,,,
Mosman,555 Military Rd Mosman 2088,2010-07-20 00:45:00.0,,,44.1,,,,45.3,
Mosman,555 Military Rd Mosman 2088,2010-07-20 01:00:00.0,,,,,,59.0,,
Mosman,555 Military Rd Mosman 2088,2010-07-20 01:15:00.0,,,,,1060,,,
Mosman,555 Military Rd Mosman 2088,2010-07-20 01:30:00.0,,,,1060,,,45.3,
Mosman,555 Military Rd Mosman 2088,2010-07-20 01:45:00.0,,,,,1060,,,
Mosman,555 Military Rd Mosman 2088,2010-07-20 02:00:00.0,,,,,1060,,,0.33
Mosman,555 Military Rd Mosman 2088,2010-07-20 02:15:00.0,,,,,,,,
Mosman,555 Military Rd Mosman 2088,2010-07-20 02:30:00.0,,,,,,,,
Mosman,555 Military Rd Mosman 2088,2010-07-20 02:45:00.0,,,44.1,,,,,
Mosman,555 Military Rd Mosman 2088,2010-07-20 03:00:00.0,,,44.1,1060,,,,
Mosman,555 Military Rd Mosman 2088,2010-07-20 03:15:00.0,,,,,,,,
Mosman,555 Military Rd Mosman 2088,2010-07-20 03:30:00.0,,,44.1,,,,45.3,
Mosman,555 Military Rd Mosman 2088,2010-07-20 03:45:00.0,27.93,,,,,,,
Mosman,555 Military Rd Mosman 2088,2010-07-20 04:00:00.0,,,,,,,,
Mosman,555 Military Rd Mosman 2088,2010-07-20 04:15:00.0,,,,,,,,
Mosman,555 Military Rd Mosman 2088,2010-07-20 04:30:00.0,,,,,,,,
Mosman,555 Military Rd Mosman 2088,2010-07-20 04:45:00.0,,,,,,,,
Mosman,555 Military Rd Mosman 2088,2010-07-20 05:00:00.0,19.52,52.2,,,,,,0.33
Mosman,555 Military Rd Mosman 2088,2010-07-20 05:15:00.0,,,,,,,,
Mosman,555 Military Rd Mosman 2088,2010-07-20 05:30:00.0,19.15,52.2,,,,,,0.33
Mosman,555 Military Rd Mosman 2088,2010-07-20 05:45:00.0,,,,,,,,
Mosman,555 Military Rd Mosman 2088,2010-07-20 06:00:00.0,,,,,,,,
Mosman,555 Military Rd Mosman 2088,2010-07-20 06:15:00.0,,,,,,,,0.33
Mosman,555 Military Rd Mosman 2088,2010-07-20 06:30:00.0,,,,1060,,,,
Mosman,555 Military Rd Mosman 2088,2010-07-20 06:45:00.0,,,,,1060,,,0.33
Mosman,555 Military Rd Mosman 2088,2010-07-20 07:00:00.0,39.88,,,,,,,
Mosman,555 Military Rd Mosman 2088,2010-07-20 07:15:00.0,,,,,1060,,,
Mosman,555 Military Rd Mosman 2088,2010-07-20 07:30:00.0,,,,,,,,
Mosman,555 Military Rd Mosman 2088,2010-07-20 07:45:00.0,,,,,,,,
Mosman,555 Military Rd Mosman 2088,2010-07-20 08:00:00.0,,,,,1060,,45.3,
Mosman,555 Military Rd Mosman 2088,2010-07-20 08:15:00.0,,,,,1060,,,0.33
Mosman,555 Military Rd Mosman 2088,2010-07-20 08:30:00.0,,,,1060,,,,0.33
Mosman,555 Military Rd Mosman 2088,2010-07-20 08:45:00.0,,,,,,,,
Mosman,555 Military Rd Mosman 2088,2010-07-20 09:00:00.0,,,,,,,,
Mosman,555 Military Rd Mosman 2088,2010-07-20 09:15:00.0,,,,,1060,,,
Mosman,555 Military Rd Mosman 2088,2010-07-20 09:30:00.0,,,,1060,1060,,,
Mosman,555 Military Rd Mosman 2088,2010-07-20 09:45:00.0,,,44.1,,,,,
Mosman,555 Military Rd Mosman 2088,2010-07-20 10:00:00.0,,,,,,,,
Mosman,555 Military Rd Mosman 2088,2010-07-20 10:15:00.0,,,,,,,,0.33
Mosman,555 Military Rd Mosman 2088,2010-07-20 10:30:00.0,,52.2,,,,,,
Mosman,555 Military Rd Mosman 2088,2010-07-20 10:45:00.0,39.26,,,,,,,
Mosman,555 Military Rd Mosman 2088,2010-07-20 11:00:00.0,,,,,,,,
Mosman,555 Military Rd Mosman 2088,2010-07-20 11:15:00.0,,,,,,,45.3,
Mosman,555 Military Rd Mosman 2088,2010-07-20 11:30:00.0,,,,,,,45.3,
Mosman,555 Military Rd Mosman 2088,2010-07-20 11:45:00.0,,52.2,,,,,45.3,
Mosman,555 Military Rd Mosman 2088,2010-07-20 12:00:00.0,,,,,,,,
Mosman,555 Military Rd Mosman 2088,2010-07-20 12:15:00.0,,,,,,,,
Mosman,555 Military Rd Mosman 2088,2010-07-20 12:30:00.0,,,,,,,,
Mosman,555 Military Rd Mosman 2088,2010-07-20 12:45:00.0,35.02,,,,,,45.3,
Mosman,555 Military Rd Mosman 2088,2010-07-20 13:00:00.0,,,,,,59.0,,
Mosman,555 Military Rd Mosman 2088,2010-07-20 13:15:00.0,,,,1060,,,,
Mosman,555 Military Rd Mosman 2088,2010-07-20 13:30:00.0,,,,,,,,
Mosman,555 Military Rd Mosman 2088,2010-07-20 13:45:00.0,,,44.1,,,,,0.33
Mosman,555 Military Rd Mosman 2088,2010-07-20 14:00:00.0,,,,,,,,
Mosman,555 Military Rd Mosman 2088,2010-07-20 14:15:00.0,,,,,,,,
Mosman,555 Military Rd Mosman 2088,2010-07-20 14:30:00.0,,,,,,,,
Mosman,555 Military Rd Mosman 2088,2010-07-20 14:45:00.0,,,44.1,1060,,59.0,,
Mosman,555 Military Rd Mosman 2088,2010-07-20 15:00:00.0,,52.2,,,,,,0.33
Mosman,555 Military Rd Mosman 2088,2010-07-20 15:15:00.0,,,44.1,1060,1060,,,
Mosman,555 Military Rd Mosman 2088,2010-07-20 15:30:00.0,,,,,,,,
Mosman,555 Military Rd Mosman 2088,2010-07-20 15:45:00.0,,,,,1060,,,
Mosman,555 Military Rd Mosman 2088,2010-07-20 16:00:00.0,,,,,,,,
Mosman,555 Military Rd Mosman 2088,2010-07-20 16:15:00.0,,,,,,,,
Mosman,555 Military Rd Mosman 2088,2010-07-20 16:30:00.0,,,,,,,,
Mosman,555 Military Rd Mosman 2088,2010-07-20 16:45:00.0,,,,,,59.0,45.3,
Mosman,555 Military Rd Mosman 2088,2010-07-20 17:00:00.0,,,,,,,,
Mosman,555 Military Rd Mosman 2088,2010-07-20 17:15:00.0,,,,,,,45.3,0.33
Mosman,555 Military Rd Mosman 2088,2010-07-20 17:30:00.0,,52.2,,,,,,
Mosman,555 Military Rd Mosman 2088,2010-07-20 17:45:00.0,,52.2,,1060,1060,,,
Mosman,555 Military Rd Mosman 2088,2010-07-20 18:00:00.0,,,,,,,,
Mosman,555 Military Rd Mosman 2088,2010-07-20 18:15:00.0,,,,,,59.0,,
Mosman,555 Military Rd Mosman 2088,2010-07-20 18:30:00.0,,52.2,,,1060,,,
Mosman,555 Military Rd Mosman 2088,2010-07-20 18:45:00.0,,,,1060,,,,
Mosman,555 Military Rd Mosman 2088,2010-07-20 19:00:00.0,,,,1060,,,,
Mosman,555 Military Rd Mosman 2088,2010-07-20 19:15:00.0,,,,,,,,
Mosman,555 Military Rd Mosman 2088,2010-07-20 19:30:00.0,,,44.1,,,59.0,,
Mosman,555 Military Rd Mosman 2088,2010-07-20 19:45:00.0,,,,,,,,
Mosman,555 Military Rd Mosman 2088,2010-07-20 20:00:00.0,,,44.1,,1060,59.0,,
Mosman,555 Military Rd Mosman 2088,2010-07-20 20:15:00.0,,,44.1,,,,,
Mosman,555 Military Rd Mosman 2088,2010-07-20 20:30:00.0,,,,,1060,,45.3,
Mosman,555 Military Rd Mosman 2088,2010-07-20 20:45:00.0,,,,,,59.0,,
Mosman,555 Military Rd Mosman 2088,2010-07-20 21:00:00.0,,,,,,,,
Mosman,555 Military Rd Mosman 2088,2010-07-20 21:15:00.0,,52.2,,,,,45.3,
Mosman,555 Military Rd Mosman 2088,2010-07-20 21:30:00.0,,,,,,,,0.33
Mosman,555 Military Rd Mosman 2088,2010-07-20 21:45:00.0,,,,,,,,
Mosman,555 Military Rd Mosman 2088,2010-07-20 22:00:00.0,,,,,,,45.3,
Mosman,555 Military Rd Mosman 2088,2010-07-20 22:15:00.0,,,,,,,,
Mosman,555 Military Rd Mosman 2088,2010-07-20 22:30:00.0,20.29,,,,,,,0.33
Mosman,555 Military Rd Mosman 2088,2010-07-20 22:45:00.0,,,,,,,,
Mosman,555 Military Rd Mosman 2088,2010-07-20 23:00:00.0,,,,,,,,
Mosman,555 Military Rd Mosman 2088,2010-07-20 23:15:00.0,20.59,,,,,,,
Mosman,555 Military Rd Mosman 2088,2010-07-20 23:30:00.0,,,,,,,,
Mosman,555 Military Rd Mosman 2088,2010-07-20 23:45:00.0,,,,,1060,59.0,,
Mosman,555 Military Rd Mosman 2088,2010-07-21 00:00:00.0,,,,,,,,
Mosman,555 Military Rd Mosman 2088,2010-07-21 00:15:00.0,,,,,,,,
Mosman,555 Military Rd Mosman 2088,2010-07-21 00:30:00.0,,,,,,,,
Mosman,555 Military Rd Mosman 2088,2010-07-21 00:45:00.0,,,,,,,,
Mosman,555 Military Rd Mosman 2088,2010-07-21 01:00:00.0,,,,,1060,,,
Mosman,555 Military Rd Mosman 2088,2010-07-21 01:15:00.0,,,,,,,,
Mosman,555 Military Rd Mosman 2088,2010-07-21 01:30:00.0,,,,,1060,,,
Mosman,555 Military Rd Mosman 2088,2010-07-21 01:45:00.0,28.34,,,,1060,,,
Mosman,555 Military Rd Mosman 2088,2010-07-21 02:00:00.0,,,,,,,,
Mosman,555 Military Rd Mosman 2088,2010-07-21 02:15:00.0,,,,,,,,
Mosman,555 Military Rd Mosman 2088,2010-07-21 02:30:00.0,,,,1060,,,,0.00
Mosman,555 Military Rd Mosman 2088,2010-07-21 02:45:00.0,20.99,,,,,,,
Mosman,555 Military Rd Mosman 2088,2010-07-21 03:00:00.0,,,,,,,,
Mosman,555 Military Rd Mosman 2088,2010-07-21 03:15:00.0,,,,,,,,
Mosman,555 Military Rd Mosman 2088,2010-07-21 03:30:00.0,,,,,,,,
Mosman,555 Military Rd Mosman 2088,2010-07-21 03:45:00.0,,,40.9,,,,,
Mosman,555 Military Rd Mosman 2088,2010-07-21 04:00:00.0,,,,,,,,
Mosman,555 Military Rd Mosman 2088,2010-07-21 04:15:00.0,,,,1060,,,,
Mosman,555 Military Rd Mosman 2088,2010-07-21 04:30:00.0,17.71,50.3,,,,,,
Mosman,555 Military Rd Mosman 2088,2010-07-21 04:45:00.0,,50.3,,,,,,
Mosman,555 Military Rd Mosman 2088,2010-07-21 05:00:00.0,,,,,,,,
Mosman,555 Military Rd Mosman 2088,2010-07-21 05:15:00.0,,,,1060,,,,
Mosman,555 Military Rd Mosman 2088,2010-07-21 05:30:00.0,,,,,,58.3,,
Mosman,555 Military Rd Mosman 2088,2010-07-21 05:45:00.0,,,,,,,,
Mosman,555 Military Rd Mosman 2088,2010-07-21 06:00:00.0,,50.3,,,,,,0.00
Mosman,555 Military Rd Mosman 2088,2010-07-21 06:15:00.0,,,,,,,,
Mosman,555 Military Rd Mosman 2088,2010-07-21 06:30:00.0,,,,,,,,
Mosman,555 Military Rd Mosman 2088,2010-07-21 06:45:00.0,,,,1060,,,,
Mosman,555 Military Rd Mosman 2088,2010-07-21 07:00:00.0,,,,,,,,
Mosman,555 Military Rd Mosman 2088,2010-07-21 07:15:00.0,,,,,,,,0.00
Mosman,555 Military Rd Mosman 2088,2010-07-21 07:30:00.0,,,,,1060,,,
Mosman,555 Military Rd Mosman 2088,2010-07-21 07:45:00.0,,,40.9,,,,,
Mosman,555 Military Rd Mosman 2088,2010-07-21 08:00:00.0,34.23,50.3,,,,,,
Mosman,555 Military Rd Mosman 2088,2010-07-21 08:15:00.0,,,,,,,42.8,
Mosman,555 Military Rd Mosman 2088,2010-07-21 08:30:00.0,36.26,,,,,,,
Mosman,555 Military Rd Mosman 2088,2010-07-21 08:45:00.0,,,,,,,,
Mosman,555 Military Rd Mosman 2088,2010-07-21 09:00:00.0,,,,,1060,,,
Mosman,555 Military Rd Mosman 2088,2010-07-21 09:15:00.0,,,,,,,,
Mosman,555 Military Rd Mosman 2088,2010-07-21 09:30:00.0,,,,,,,,
Mosman,555 Military Rd Mosman 2088,2010-07-21 09:45:00.0,,,,,,,,
Mosman,555 Military Rd Mosman 2088,2010-07-21 10:00:00.0,,,,,,,,
Mosman,555 Military Rd Mosman 2088,2010-07-21 10:15:00.0,,50.3,,,,,42.8,
Mosman,555 Military Rd Mosman 2088,2010-07-21 10:30:00.0,,50.3,,,,,,0.00
Mosman,555 Military Rd Mosman 2088,2010-07-21 10:45:00.0,,,,,,,,
Mosman,555 Military Rd Mosman 2088,2010-07-21 11:00:00.0,,,40.9,,,,,
Mosman,555 Military Rd Mosman 2088,2010-07-21 11:15:00.0,,,,,,,,
Mosman,555 Military Rd Mosman 2088,2010-07-21 11:30:00.0,,,40.9,,,,,
Mosman,555 Military Rd Mosman 2088,2010-07-21 11:45:00.0,,,40.9,,,,,
Mosman,555 Military Rd Mosman 2088,2010-07-21 12:00:00.0,,,,,,,,
Mosman,555 Military Rd Mosman 2088,2010-07-21 12:15:00.0,,50.3,,,,,,
Mosman,555 Military Rd Mosman 2088,2010-07-21 12:30:00.0,,,,,1060,,,
Mosman,555 Military Rd Mosman 2088,2010-07-21 12:45:00.0,33.31,,,,,,,
Mosman,555 Military Rd Mosman 2088,2010-07-21 13:00:00.0,,,,,,,,0.00
Mosman,555 Military Rd Mosman 2088,2010-07-21 13:15:00.0,,,,1060,,,,
Mosman,555 Military Rd Mosman 2088,2010-07-21 13:30:00.0,,50.3,,,1060,,,
Mosman,555 Military Rd Mosman 2088,2010-07-21 13:45:00.0,,,,,,,,
Mosman,555 Military Rd Mosman 2088,2010-07-21 14:00:00.0,,,,,1060,,,
Mosman,555 Military Rd Mosman 2088,2010-07-21 14:15:00.0,,,,,1060,,,
Mosman,555 Military Rd Mosman 2088,2010-07-21 14:30:00.0,,50.3,40.9,,,,,
Mosman,555 Military Rd Mosman 2088,2010-07-21 14:45:00.0,,,,,,,,
Mosman,555 Military Rd Mosman 2088,2010-07-21 15:00:00.0,,,,,,,,
Mosman,555 Military Rd Mosman 2088,2010-07-21 15:15:00.0,31.3,50.3,,,,,,
Mosman,555 Military Rd Mosman 2088,2010-07-21 15:30:00.0,,,,,,,,0.00
Mosman,555 Military Rd Mosman 2088,2010-07-21 15:45:00.0,,,,,,,,0.00
Mosman,555 Military Rd Mosman 2088,2010-07-21 16:00:00.0,,,,,,,,
Mosman,555 Military Rd Mosman 2088,2010-07-21 16:15:00.0,,,,,,,42.8,
Mosman,555 Military Rd Mosman 2088,2010-07-21 16:30:00.0,,50.3,,,,,,
Mosman,555 Military Rd Mosman 2088,2010-07-21 16:45:00.0,,,,,,58.3,,
Mosman,555 Military Rd Mosman 2088,2010-07-21 17:00:00.0,,,,,,,,
Mosman,555 Military Rd Mosman 2088,2010-07-21 17:15:00.0,,,,,,58.3,,
Mosman,555 Military Rd Mosman 2088,2010-07-21 17:30:00.0,,50.3,,,,,,
Mosman,555 Military Rd Mosman 2088,2010-07-21 17:45:00.0,,,,,1060,,,
Mosman,555 Military Rd Mosman 2088,2010-07-21 18:00:00.0,,,,,,,,
Mosman,555 Military Rd Mosman 2088,2010-07-21 18:15:00.0,,,,,,,,
Mosman,555 Military Rd Mosman 2088,2010-07-21 18:30:00.0,,,,,,,,
Mosman,555 Military Rd Mosman 2088,2010-07-21 18:45:00.0,,,,,,,,
Mosman,555 Military Rd Mosman 2088,2010-07-21 19:00:00.0,,50.3,,,,,,
Mosman,555 Military Rd Mosman 2088,2010-07-21 19:15:00.0,,,,,,,,
Mosman,555 Military Rd Mosman 2088,2010-07-21 19:30:00.0,,,,,1060,,,
Mosman,555 Military Rd Mosman 2088,2010-07-21 19:45:00.0,,,,,,,,
Mosman,555 Military Rd Mosman 2088,2010-07-21 20:00:00.0,,,,1060,,,,
Mosman,555 Military Rd Mosman 2088,2010-07-21 20:15:00.0,,50.3,,,,,,
Mosman,555 Military Rd Mosman 2088,2010-07-21 20:30:00.0,,,,,,,,
Mosman,555 Military Rd Mosman 2088,2010-07-21 20:45:00.0,31.22,,,,,,42.8,
Mosman,555 Military Rd Mosman 2088,2010-07-21 21:00:00.0,32.68,50.3,,,,,,
Mosman,555 Military Rd Mosman 2088,2010-07-21 21:15:00.0,,,,,1060,,,
Mosman,555 Military Rd Mosman 2088,2010-07-21 21:30:00.0,,,40.9,,,,,
Mosman,555 Military Rd Mosman 2088,2010-07-21 21:45:00.0,,,,,1060,58.3,42.8,
Mosman,555 Military Rd Mosman 2088,2010-07-21 22:00:00.0,,,,,,,,
Mosman,555 Military Rd Mosman 2088,2010-07-21 22:15:00.0,,,,,,,,
Mosman,555 Military Rd Mosman 2088,2010-07-21 22:30:00.0,,50.3,,,,,,
Mosman,555 Military Rd Mosman 2088,2010-07-21 22:45:00.0,,,,,,,,
Mosman,555 Military Rd Mosman 2088,2010-07-21 23:00:00.0,,,,,,,,
Mosman,555 Military Rd Mosman 2088,2010-07-21 23:15:00.0,,,,,,,,
Mosman,555 Military Rd Mosman 2088,2010-07-21 23:30:00.0,,,,,,,,
Mosman,555 Military Rd Mosman 2088,2010-07-21 23:45:00.0,,,40.9,,,,,
Mosman,555 Military Rd Mosman 2088,2010-07-22 00:00:00.0,,,44.0,,,,,
Mosman,555 Military Rd Mosman 2088,2010-07-22 00:15:00.0,,,,,,,,
Mosman,555 Military Rd Mosman 2088,2010-07-22 00:30:00.0,,,,,,,,
Mosman,555 Military Rd Mosman 2088,2010-07-22 00:45:00.0,,,,,1060,,,
Mosman,555 Military Rd Mosman 2088,2010-07-22 01:00:00.0,,,,,,57.6,,
Mosman,555 Military Rd Mosman 2088,2010-07-22 01:15:00.0,,51.8,,1060,,,,
Mosman,555 Military Rd Mosman 2088,2010-07-22 01:30:00.0,17.8,,,,,,,
Mosman,555 Military Rd Mosman 2088,2010-07-22 01:45:00.0,,,,,,,,
Mosman,555 Military Rd Mosman 2088,2010-07-22 02:00:00.0,,,,1060,,,,
Mosman,555 Military Rd Mosman 2088,2010-07-22 02:15:00.0,26.06,,,,,,,
Mosman,555 Military Rd Mosman 2088,2010-07-22 02:30:00.0,,,,,,,,
Mosman,555 Military Rd Mosman 2088,2010-07-22 02:45:00.0,,,,,,,,
Mosman,555 Military Rd Mosman 2088,2010-07-22 03:00:00.0,,,,,,,,
Mosman,555 Military Rd Mosman 2088,2010-07-22 03:15:00.0,,,,,,,,
Mosman,555 Military Rd Mosman 2088,2010-07-22 03:30:00.0,26.83,,,,,,,
Mosman,555 Military Rd Mosman 2088,2010-07-22 03:45:00.0,,,,,,,43.2,
Mosman,555 Military Rd Mosman 2088,2010-07-22 04:00:00.0,,,44.0,,,57.6,,
Mosman,555 Military Rd Mosman 2088,2010-07-22 04:15:00.0,,,,,,,,0.02
Mosman,555 Military Rd Mosman 2088,2010-07-22 04:30:00.0,,,,,,,,
Mosman,555 Military Rd Mosman 2088,2010-07-22 04:45:00.0,,,,,,,,
Mosman,555 Military Rd Mosman 2088,2010-07-22 05:00:00.0,,,,,,,43.2,
Mosman,555 Military Rd Mosman 2088,2010-07-22 05:15:00.0,,51.8,,,,,,
Mosman,555 Military Rd Mosman 2088,2010-07-22 05:30:00.0,,51.8,,,,,43.2,
Mosman,555 Military Rd Mosman 2088,2010-07-22 05:45:00.0,,,,,1060,,,
Mosman,555 Military Rd Mosman 2088,2010-07-22 06:00:00.0,,,,,,,,
Mosman,555 Military Rd Mosman 2088,2010-07-22 06:15:00.0,,51.8,,,,,,
Mosman,555 Military Rd Mosman 2088,2010-07-22 06:30:00.0,,,,,,,,
Mosman,555 Military Rd Mosman 2088,2010-07-22 06:45:00.0,,,,,,,,
Mosman,555 Military Rd Mosman 2088,2010-07-22 07:00:00.0,,,,,,,,
Mosman,555 Military Rd Mosman 2088,2010-07-22 07:15:00.0,34.89,,44.0,,,,,
Mosman,555 Military Rd Mosman 2088,2010-07-22 07:30:00.0,,,,1060,,,,
Mosman,555 Military Rd Mosman 2088,2010-07-22 07:45:00.0,,,,1060,,,,
Mosman,555 Military Rd Mosman 2088,2010-07-22 08:00:00.0,,,,,,,,
Mosman,555 Military Rd Mosman 2088,2010-07-22 08:15:00.0,30.03,,,,,,,
Mosman,555 Military Rd Mosman 2088,2010-07-22 08:30:00.0,,,,,,,,
Mosman,555 Military Rd Mosman 2088,2010-07-22 08:45:00.0,34.69,,,,,57.6,,
Mosman,555 Military Rd Mosman 2088,2010-07-22 09:00:00.0,,51.8,,,,,43.2,
Mosman,555 Military Rd Mosman 2088,2010-07-22 09:15:00.0,,,,,,57.6,,
Mosman,555 Military Rd Mosman 2088,2010-07-22 09:30:00.0,35.19,,,,,,,
Mosman,555 Military Rd Mosman 2088,2010-07-22 09:45:00.0,,,,,1060,,,
Mosman,555 Military Rd Mosman 2088,2010-07-22 10:00:00.0,36.0,,,,1060,57.6,,
Mosman,555 Military Rd Mosman 2088,2010-07-22 10:15:00.0,,,,,,,,
Mosman,555 Military Rd Mosman 2088,2010-07-22 10:30:00.0,,,,1060,,,,
Mosman,555 Military Rd Mosman 2088,2010-07-22 10:45:00.0,,51.8,,,,,,0.02
Mosman,555 Military Rd Mosman 2088,2010-07-22 11:00:00.0,,,,,,57.6,,0.02
Mosman,555 Military Rd Mosman 2088,2010-07-22 11:15:00.0,,,,,,,,
Mosman,555 Military Rd Mosman 2088,2010-07-22 11:30:00.0,,,,,,,,
Mosman,555 Military Rd Mosman 2088,2010-07-22 11:45:00.0,,,,,1060,,,0.02
Mosman,555 Military Rd Mosman 2088,2010-07-22 12:00:00.0,,,,,,,43.2,
Mosman,555 Military Rd Mosman 2088,2010-07-22 12:15:00.0,,51.8,,,,,,
Mosman,555 Military Rd Mosman 2088,2010-07-22 12:30:00.0,,,,1060,,,,
Mosman,555 Military Rd Mosman 2088,2010-07-22 12:45:00.0,28.71,,,,,,,
Mosman,555 Military Rd Mosman 2088,2010-07-22 13:00:00.0,,,,,,,,
Mosman,555 Military Rd Mosman 2088,2010-07-22 13:15:00.0,,,,,,57.6,,0.02
Mosman,555 Military Rd Mosman 2088,2010-07-22 13:30:00.0,,,,1060,,57.6,,
Mosman,555 Military Rd Mosman 2088,2010-07-22 13:45:00.0,,,44.0,,,57.6,,
Mosman,555 Military Rd Mosman 2088,2010-07-22 14:00:00.0,,,,,,,,
Mosman,555 Military Rd Mosman 2088,2010-07-22 14:15:00.0,,,44.0,,1060,,,
Mosman,555 Military Rd Mosman 2088,2010-07-22 14:30:00.0,,,,,,,,
Mosman,555 Military Rd Mosman 2088,2010-07-22 14:45:00.0,,,,,,,43.2,
Mosman,555 Military Rd Mosman 2088,2010-07-22 15:00:00.0,,,44.0,1060,,,,0.02
Mosman,555 Military Rd Mosman 2088,2010-07-22 15:15:00.0,29.91,,,1060,,,,
Mosman,555 Military Rd Mosman 2088,2010-07-22 15:30:00.0,,,,,,57.6,,
Mosman,555 Military Rd Mosman 2088,2010-07-22 15:45:00.0,,,,,,57.6,,
Mosman,555 Military Rd Mosman 2088,2010-07-22 16:00:00.0,,,,,,,,
Mosman,555 Military Rd Mosman 2088,2010-07-22 16:15:00.0,,,44.0,,,,,
Mosman,555 Military Rd Mosman 2088,2010-07-22 16:30:00.0,,51.8,,,,,,
Mosman,555 Military Rd Mosman 2088,2010-07-22 16:45:00.0,,,,,,,,
Mosman,555 Military Rd Mosman 2088,2010-07-22 17:00:00.0,,,,,,,43.2,
Mosman,555 Military Rd Mosman 2088,2010-07-22 17:15:00.0,33.54,,,,,,,
Mosman,555 Military Rd Mosman 2088,2010-07-22 17:30:00.0,,,,,,57.6,,
Mosman,555 Military Rd Mosman 2088,2010-07-22 17:45:00.0,,,,,,,,
Mosman,555 Military Rd Mosman 2088,2010-07-22 18:00:00.0,,,,,,,,
Mosman,555 Military Rd Mosman 2088,2010-07-22 18:15:00.0,,,,,,,,
Mosman,555 Military Rd Mosman 2088,2010-07-22 18:30:00.0,,,,,,,,0.02
Mosman,555 Military Rd Mosman 2088,2010-07-22 18:45:00.0,35.61,51.8,,,,,,0.02
Mosman,555 Military Rd Mosman 2088,2010-07-22 19:00:00.0,,,,,,,,
Mosman,555 Military Rd Mosman 2088,2010-07-22 19:15:00.0,,,,,,,43.2,
Mosman,555 Military Rd Mosman 2088,2010-07-22 19:30:00.0,35.99,,,,,,,
Mosman,555 Military Rd Mosman 2088,2010-07-22 19:45:00.0,,51.8,,,,,,
Mosman,555 Military Rd Mosman 2088,2010-07-22 20:00:00.0,,51.8,,,,,,
Mosman,555 Military Rd Mosman 2088,2010-07-22 20:15:00.0,,,,,,,,
Mosman,555 Military Rd Mosman 2088,2010-07-22 20:30:00.0,,51.8,,,,,,0.02
Mosman,555 Military Rd Mosman 2088,2010-07-22 20:45:00.0,32.03,51.8,,,,,,
Mosman,555 Military Rd Mosman 2088,2010-07-22 21:00:00.0,,,,,,,,
Mosman,555 Military Rd Mosman 2088,2010-07-22 21:15:00.0,,,,,,,,
Mosman,555 Military Rd Mosman 2088,2010-07-22 21:30:00.0,,51.8,,,,,,
Mosman,555 Military Rd Mosman 2088,2010-07-22 21:45:00.0,18.45,,,,,,43.2,
Mosman,555 Military Rd Mosman 2088,2010-07-22 22:00:00.0,,,,1060,1060,,,
Mosman,555 Military Rd Mosman 2088,2010-07-22 22:15:00.0,,,,,,,,
Mosman,555 Military Rd Mosman 2088,2010-07-22 22:30:00.0,,,,,,,43.2,0.02
Mosman,555 Military Rd Mosman 2088,2010-07-22 22:45:00.0,,,,,,,,
Mosman,555 Military Rd Mosman 2088,2010-07-22 23:00:00.0,,,,,,,,
Mosman,555 Military Rd Mosman 2088,2010-07-22 23:15:00.0,,,,,,,,
Mosman,555 Military Rd Mosman 2088,2010-07-22 23:30:00.0,,,,,,,,
Mosman,555 Military Rd Mosman 2088,2010-07-22 23:45:00.0,,,,,,,,0.02
Mosman,555 Military Rd Mosman 2088,2010-09-10 00:00:00.0,,,,,,,,
Mosman,555 Military Rd Mosman 2088,2010-09-10 00:15:00.0,,60.0,42.2,,,,,
Mosman,555 Military Rd Mosman 2088,2010-09-10 00:30:00.0,,,,,1060,,,
Mosman,555 Military Rd Mosman 2088,2010-09-10 00:45:00.0,,60.0,,,,,,0.00
Mosman,555 Military Rd Mosman 2088,2010-09-10 01:00:00.0,,,,,,,,
Mosman,555 Military Rd Mosman 2088,2010-09-10 01:15:00.0,,,,,,76.1,50.0,
Mosman,555 Military Rd Mosman 2088,2010-09-10 01:30:00.0,,,,,,,,
Mosman,555 Military Rd Mosman 2088,2010-09-10 01:45:00.0,,,,,,,,
Mosman,555 Military Rd Mosman 2088,2010-09-10 02:00:00.0,,,42.2,,,,,
Mosman,555 Military Rd Mosman 2088,2010-09-10 02:15:00.0,31.34,,,,,,,
Mosman,555 Military Rd Mosman 2088,2010-09-10 02:30:00.0,,60.0,,1060,,76.1,,
Mosman,555 Military Rd Mosman 2088,2010-09-10 02:45:00.0,,,,,,,,
Mosman,555 Military Rd Mosman 2088,2010-09-10 03:00:00.0,,60.0,,,,,,
Mosman,555 Military Rd Mosman 2088,2010-09-10 03:15:00.0,,,,1060,,,,
Mosman,555 Military Rd Mosman 2088,2010-09-10 03:30:00.0,,,,,,,,
Mosman,555 Military Rd Mosman 2088,2010-09-10 03:45:00.0,,,,,,,,
Mosman,555 Military Rd Mosman 2088,2010-09-10 04:00:00.0,,,,,1060,,,
Mosman,555 Military Rd Mosman 2088,2010-09-10 04:15:00.0,,,42.2,,,,,
Mosman,555 Military Rd Mosman 2088,2010-09-10 04:30:00.0,,,,1060,,76.1,,
Mosman,555 Military Rd Mosman 2088,2010-09-10 04:45:00.0,,,,,1060,,,0.00
Mosman,555 Military Rd Mosman 2088,2010-09-10 05:00:00.0,,60.0,42.2,,,,,
Mosman,555 Military Rd Mosman 2088,2010-09-10 05:15:00.0,20.1,,,,,,,
Mosman,555 Military Rd Mosman 2088,2010-09-10 05:30:00.0,,60.0,,,,,,
Mosman,555 Military Rd Mosman 2088,2010-09-10 05:45:00.0,,,,,,,,
Mosman,555 Military Rd Mosman 2088,2010-09-10 06:00:00.0,,,,,,,,
Mosman,555 Military Rd Mosman 2088,2010-09-10 06:15:00.0,,,,,,,,0.00
Mosman,555 Military Rd Mosman 2088,2010-09-10 06:30:00.0,37.55,,,,,,,
Mosman,555 Military Rd Mosman 2088,2010-09-10 06:45:00.0,,,,,,,,
Mosman,555 Military Rd Mosman 2088,2010-09-10 07:00:00.0,,,,,1060,,,
Mosman,555 Military Rd Mosman 2088,2010-09-10 07:15:00.0,,,,,,,,
Mosman,555 Military Rd Mosman 2088,2010-09-10 07:30:00.0,34.99,,,,,,,
Mosman,555 Military Rd Mosman 2088,2010-09-10 07:45:00.0,,,,,,,,
Mosman,555 Military Rd Mosman 2088,2010-09-10 08:00:00.0,,,42.2,,,,,
Mosman,555 Military Rd Mosman 2088,2010-09-10 08:15:00.0,,,,,,,,
Mosman,555 Military Rd Mosman 2088,2010-09-10 08:30:00.0,,,,,,,,
Mosman,555 Military Rd Mosman 2088,2010-09-10 08:45:00.0,,,,,,,50.0,
Mosman,555 Military Rd Mosman 2088,2010-09-10 09:00:00.0,,,,,,,,
Mosman,555 Military Rd Mosman 2088,2010-09-10 09:15:00.0,,,,,,,,
Mosman,555 Military Rd Mosman 2088,2010-09-10 09:30:00.0,,,,,1060,,,
Mosman,555 Military Rd Mosman 2088,2010-09-10 09:45:00.0,,,,,,,,
Mosman,555 Military Rd Mosman 2088,2010-09-10 10:00:00.0,,,,,,,,
Mosman,555 Military Rd Mosman 2088,2010-09-10 10:15:00.0,,,,,,,,0.00
Mosman,555 Military Rd Mosman 2088,2010-09-10 10:30:00.0,,,,,,76.1,,
Mosman,555 Military Rd Mosman 2088,2010-09-10 10:45:00.0,,,,,,,,
Mosman,555 Military Rd Mosman 2088,2010-09-10 11:00:00.0,38.73,,,1060,,,,
Mosman,555 Military Rd Mosman 2088,2010-09-10 11:15:00.0,33.8,,,,,76.1,,
Mosman,555 Military Rd Mosman 2088,2010-09-10 11:30:00.0,,,42.2,,,,,
Mosman,555 Military Rd Mosman 2088,2010-09-10 11:45:00.0,,,,,,,,
Mosman,555 Military Rd Mosman 2088,2010-09-10 12:00:00.0,,60.0,,,1060,,,
Mosman,555 Military Rd Mosman 2088,2010-09-10 12:15:00.0,34.82,60.0,,,,,,
Mosman,555 Military Rd Mosman 2088,2010-09-10 12:30:00.0,,,,,,,,
Mosman,555 Military Rd Mosman 2088,2010-09-10 12:45:00.0,,,,,,,,
Mosman,555 Military Rd Mosman 2088,2010-09-10 13:00:00.0,,,,,,76.1,,
Mosman,555 Military Rd Mosman 2088,2010-09-10 13:15:00.0,,,,1060,,,50.0,
Mosman,555 Military Rd Mosman 2088,2010-09-10 13:30:00.0,,,,,,,,
Mosman,555 Military Rd Mosman 2088,2010-09-10 13:45:00.0,,,,,1060,,,
Mosman,555 Military Rd Mosman 2088,2010-09-10 14:00:00.0,,,,,1060,76.1,,0.00
Mosman,555 Military Rd Mosman 2088,2010-09-10 14:15:00.0,,,,,,,,
Mosman,555 Military Rd Mosman 2088,2010-09-10 14:30:00.0,,,,1060,1060,76.1,,
Mosman,555 Military Rd Mosman 2088,2010-09-10 14:45:00.0,,,,,,,,
Mosman,555 Military Rd Mosman 2088,2010-09-10 15:00:00.0,,60.0,,,,,,
Mosman,555 Military Rd Mosman 2088,2010-09-10 15:15:00.0,,,,,,,,0.00
Mosman,555 Military Rd Mosman 2088,2010-09-10 15:30:00.0,,,,,,,,
Mosman,555 Military Rd Mosman 2088,2010-09-10 15:45:00.0,,,,,,76.1,,
Mosman,555 Military Rd Mosman 2088,2010-09-10 16:00:00.0,,,42.2,,,,,
Mosman,555 Military Rd Mosman 2088,2010-09-10 16:15:00.0,,,,,,76.1,,
Mosman,555 Military Rd Mosman 2088,2010-09-10 16:30:00.0,,,,,1060,,,0.00
Mosman,555 Military Rd Mosman 2088,2010-09-10 16:45:00.0,,,,,,,,0.00
Mosman,555 Military Rd Mosman 2088,2010-09-10 17:00:00.0,,,,,,,,
Mosman,555 Military Rd Mosman 2088,2010-09-10 17:15:00.0,,,,,,,,
Mosman,555 Military Rd Mosman 2088,2010-09-10 17:30:00.0,,60.0,,,,,,
Mosman,555 Military Rd Mosman 2088,2010-09-10 17:45:00.0,,60.0,42.2,,,,,
Mosman,555 Military Rd Mosman 2088,2010-09-10 18:00:00.0,,,,,,,,
Mosman,555 Military Rd Mosman 2088,2010-09-10 18:15:00.0,,,42.2,,,,,
Mosman,555 Military Rd Mosman 2088,2010-09-10 18:30:00.0,33.22,,,,1060,,,
Mosman,555 Military Rd Mosman 2088,2010-09-10 18:45:00.0,,,42.2,,,,,
Mosman,555 Military Rd Mosman 2088,2010-09-10 19:00:00.0,,,,,,,,0.00
Mosman,555 Military Rd Mosman 2088,2010-09-10 19:15:00.0,,,42.2,,,,,
Mosman,555 Military Rd Mosman 2088,2010-09-10 19:30:00.0,,,42.2,,,,,
Mosman,555 Military Rd Mosman 2088,2010-09-10 19:45:00.0,,,,,,76.1,50.0,
Mosman,555 Military Rd Mosman 2088,2010-09-10 20:00:00.0,,,,,,,,0.00
Mosman,555 Military Rd Mosman 2088,2010-09-10 20:15:00.0,,60.0,,,1060,,,
Mosman,555 Military Rd Mosman 2088,2010-09-10 20:30:00.0,,,,,,,,
Mosman,555 Military Rd Mosman 2088,2010-09-10 20:45:00.0,,,,,,,50.0,
Mosman,555 Military Rd Mosman 2088,2010-09-10 21:00:00.0,,,42.2,,,,50.0,
Mosman,555 Military Rd Mosman 2088,2010-09-10 21:15:00.0,,,42.2,,,,50.0,
Mosman,555 Military Rd Mosman 2088,2010-09-10 21:30:00.0,,,,,,76.1,,
Mosman,555 Military Rd Mosman 2088,2010-09-10 21:45:00.0,,,,,1060,,,
Mosman,555 Military Rd Mosman 2088,2010-09-10 22:00:00.0,,,,,,,,
Mosman,555 Military Rd Mosman 2088,2010-09-10 22:15:00.0,,,,,,,,
Mosman,555 Military Rd Mosman 2088,2010-09-10 22:30:00.0,,,,,,,,
Mosman,555 Military Rd Mosman 2088,2010-09-10 22:45:00.0,,,,,1060,,50.0,
Mosman,555 Military Rd Mosman 2088,2010-09-10 23:00:00.0,,,,,,,,
Mosman,555 Military Rd Mosman 2088,2010-09-10 23:15:00.0,,60.0,,,,,,
Mosman,555 Military Rd Mosman 2088,2010-09-10 23:30:00.0,,,,,,,,
Mosman,555 Military Rd Mosman 2088,2010-09-10 23:45:00.0,,,,,,,,
Mosman,555 Military Rd Mosman 2088,2010-09-11 00:00:00.0,,,,,,,,
Mosman,555 Military Rd Mosman 2088,2010-09-11 00:15:00.0,,,,,,,,
Mosman,555 Military Rd Mosman 2088,2010-09-11 00:30:00.0,,,,,,,,
Mosman,555 Military Rd Mosman 2088,2010-09-11 00:45:00.0,,,43.6,1060,,65.7,,0.00
Mosman,555 Military Rd Mosman 2088,2010-09-11 01:00:00.0,,57.3,43.6,,,,47.8,0.00
Mosman,555 Military Rd Mosman 2088,2010-09-11 01:15:00.0,,,,,,,,
Mosman,555 Military Rd Mosman 2088,2010-09-11 01:30:00.0,,,,,,65.7,,
Mosman,555 Military Rd Mosman 2088,2010-09-11 01:45:00.0,,57.3,,,,,,
Mosman,555 Military Rd Mosman 2088,2010-09-11 02:00:00.0,26.51,,,,,,47.8,
Mosman,555 Military Rd Mosman 2088,2010-09-11 02:15:00.0,,,,,,,47.8,
Mosman,555 Military Rd Mosman 2088,2010-09-11 02:30:00.0,,57.3,,,,65.7,,
Mosman,555 Military Rd Mosman 2088,2010-09-11 02:45:00.0,,,,,,,,
Mosman,555 Military Rd Mosman 2088,2010-09-11 03:00:00.0,,,,1060,,65.7,,
Mosman,555 Military Rd Mosman 2088,2010-09-11 03:15:00.0,,,,,1060,,,
Mosman,555 Military Rd Mosman 2088,2010-09-11 03:30:00.0,,,,,,,47.8,
Mosman,555 Military Rd Mosman 2088,2010-09-11 03:45:00.0,,,,,,,,
Mosman,555 Military Rd Mosman 2088,2010-09-11 04:00:00.0,,,,,1060,65.7,,
Mosman,555 Military Rd Mosman 2088,2010-09-11 04:15:00.0,,,43.6,,,,,
Mosman,555 Military Rd Mosman 2088,2010-09-11 04:30:00.0,,,,,,,,
Mosman,555 Military Rd Mosman 2088,2010-09-11 04:45:00.0,,,,,,,,
Mosman,555 Military Rd Mosman 2088,2010-09-11 05:00:00.0,,,,,,,,
Mosman,555 Military Rd Mosman 2088,2010-09-11 05:15:00.0,,,,,1060,,,
Mosman,555 Military Rd Mosman 2088,2010-09-11 05:30:00.0,,,,,,,47.8,0.00
Mosman,555 Military Rd Mosman 2088,2010-09-11 05:45:00.0,,,,,,,,
Mosman,555 Military Rd Mosman 2088,2010-09-11 06:00:00.0,,57.3,,,,,,
Mosman,555 Military Rd Mosman 2088,2010-09-11 06:15:00.0,,,,,,,,
Mosman,555 Military Rd Mosman 2088,2010-09-11 06:30:00.0,,,,,,,,
Mosman,555 Military Rd Mosman 2088,2010-09-11 06:45:00.0,,,,,,,,
Mosman,555 Military Rd Mosman 2088,2010-09-11 07:00:00.0,,,,,,65.7,,
Mosman,555 Military Rd Mosman 2088,2010-09-11 07:15:00.0,,,,1060,,,,
Mosman,555 Military Rd Mosman 2088,2010-09-11 07:30:00.0,,,,,,,,
Mosman,555 Military Rd Mosman 2088,2010-09-11 07:45:00.0,,57.3,,,,,,
Mosman,555 Military Rd Mosman 2088,2010-09-11 08:00:00.0,,,,,,,,
Mosman,555 Military Rd Mosman 2088,2010-09-11 08:15:00.0,,,,,,,,
Mosman,555 Military Rd Mosman 2088,2010-09-11 08:30:00.0,,,,,,65.7,,
Mosman,555 Military Rd Mosman 2088,2010-09-11 08:45:00.0,,,,,,,,
Mosman,555 Military Rd Mosman 2088,2010-09-11 09:00:00.0,,,,,,,,
Mosman,555 Military Rd Mosman 2088,2010-09-11 09:15:00.0,,,,,,,,
Mosman,555 Military Rd Mosman 2088,2010-09-11 09:30:00.0,,,,,,,,
Mosman,555 Military Rd Mosman 2088,2010-09-11 09:45:00.0,,,,,,,,
Mosman,555 Military Rd Mosman 2088,2010-09-11 10:00:00.0,41.39,,,,,,,
Mosman,555 Military Rd Mosman 2088,2010-09-11 10:15:00.0,,,,,,65.7,,
Mosman,555 Military Rd Mosman 2088,2010-09-11 10:30:00.0,,,,,,,,
Mosman,555 Military Rd Mosman 2088,2010-09-11 10:45:00.0,,,,,,,,
Mosman,555 Military Rd Mosman 2088,2010-09-11 11:00:00.0,,57.3,,,,,,
Mosman,555 Military Rd Mosman 2088,2010-09-11 11:15:00.0,,57.3,,,,,,0.00
Mosman,555 Military Rd Mosman 2088,2010-09-11 11:30:00.0,,,,,,,,
Mosman,555 Military Rd Mosman 2088,2010-09-11 11:45:00.0,,,,,,,47.8,
Mosman,555 Military Rd Mosman 2088,2010-09-11 12:00:00.0,,,,,,65.7,,
Mosman,555 Military Rd Mosman 2088,2010-09-11 12:15:00.0,,57.3,,,,,,
Mosman,555 Military Rd Mosman 2088,2010-09-11 12:30:00.0,38.84,,,,1060,,,
Mosman,555 Military Rd Mosman 2088,2010-09-11 12:45:00.0,,,43.6,,,,47.8,
Mosman,555 Military Rd Mosman 2088,2010-09-11 13:00:00.0,,,,,,,,
Mosman,555 Military Rd Mosman 2088,2010-09-11 13:15:00.0,,,,,,,,
Mosman,555 Military Rd Mosman 2088,2010-09-11 13:30:00.0,,57.3,43.6,,1060,,,
Mosman,555 Military Rd Mosman 2088,2010-09-11 13:45:00.0,,,,1060,,,,
Mosman,555 Military Rd Mosman 2088,2010-09-11 14:00:00.0,,,,,,,,
Mosman,555 Military Rd Mosman 2088,2010-09-11 14:15:00.0,,,,,,,,
Mosman,555 Military Rd Mosman 2088,2010-09-11 14:30:00.0,,,,,1060,,,
Mosman,555 Military Rd Mosman 2088,2010-09-11 14:45:00.0,,57.3,,,,,,
Mosman,555 Military Rd Mosman 2088,2010-09-11 15:00:00.0,,,43.6,,,,,
Mosman,555 Military Rd Mosman 2088,2010-09-11 15:15:00.0,,57.3,,,,,,
Mosman,555 Military Rd Mosman 2088,2010-09-11 15:30:00.0,,,,,,,,
Mosman,555 Military Rd Mosman 2088,2010-09-11 15:45:00.0,,57.3,,,,,,
Mosman,555 Military Rd Mosman 2088,2010-09-11 16:00:00.0,,,,,1060,,,
Mosman,555 Military Rd Mosman 2088,2010-09-11 16:15:00.0,38.02,,,,,65.7,,
Mosman,555 Military Rd Mosman 2088,2010-09-11 16:30:00.0,,,,,,,,0.00
Mosman,555 Military Rd Mosman 2088,2010-09-11 16:45:00.0,36.96,,,,,65.7,47.8,
Mosman,555 Military Rd Mosman 2088,2010-09-11 17:00:00.0,,,,,,,,
Mosman,555 Military Rd Mosman 2088,2010-09-11 17:15:00.0,,,,,,,,
Mosman,555 Military Rd Mosman 2088,2010-09-11 17:30:00.0,,,43.6,,,,,
Mosman,555 Military Rd Mosman 2088,2010-09-11 17:45:00.0,,,,,,,,
Mosman,555 Military Rd Mosman 2088,2010-09-11 18:00:00.0,,,,,,65.7,,
Mosman,555 Military Rd Mosman 2088,2010-09-11 18:15:00.0,,,,,,,,
Mosman,555 Military Rd Mosman 2088,2010-09-11 18:30:00.0,,,,,,,,
Mosman,555 Military Rd Mosman 2088,2010-09-11 18:45:00.0,,,,,,,,
Mosman,555 Military Rd Mosman 2088,2010-09-11 19:00:00.0,,,,,,,,
Mosman,555 Military Rd Mosman 2088,2010-09-11 19:15:00.0,,,,,,,,
Mosman,555 Military Rd Mosman 2088,2010-09-11 19:30:00.0,,,,,,,,
Mosman,555 Military Rd Mosman 2088,2010-09-11 19:45:00.0,,,,,,,,
Mosman,555 Military Rd Mosman 2088,2010-09-11 20:00:00.0,,,43.6,,,,,0.00
Mosman,555 Military Rd Mosman 2088,2010-09-11 20:15:00.0,,,43.6,,,,,0.00
Mosman,555 Military Rd Mosman 2088,2010-09-11 20:30:00.0,,,,,,,,
Mosman,555 Military Rd Mosman 2088,2010-09-11 20:45:00.0,,,,,,,,
Mosman,555 Military Rd Mosman 2088,2010-09-11 21:00:00.0,,,,,,65.7,,
Mosman,555 Military Rd Mosman 2088,2010-09-11 21:15:00.0,,,,,1060,,47.8,0.00
Mosman,555 Military Rd Mosman 2088,2010-09-11 21:30:00.0,,,,,,,47.8,
Mosman,555 Military Rd Mosman 2088,2010-09-11 21:45:00.0,,,,,,,,
Mosman,555 Military Rd Mosman 2088,2010-09-11 22:00:00.0,,,,,,65.7,,
Mosman,555 Military Rd Mosman 2088,2010-09-11 22:15:00.0,,,,,,,,
Mosman,555 Military Rd Mosman 2088,2010-09-11 22:30:00.0,,,,,,,,
Mosman,555 Military Rd Mosman 2088,2010-09-11 22:45:00.0,,,,,,,,
Mosman,555 Military Rd Mosman 2088,2010-09-11 23:00:00.0,,,,,,,,
Mosman,555 Military Rd Mosman 2088,2010-09-11 23:15:00.0,,,,,,,,
Mosman,555 Military Rd Mosman 2088,2010-09-11 23:30:00.0,,,,,,,,
Mosman,555 Military Rd Mosman 2088,2010-09-11 23:45:00.0,,,,1060,,,47.8,
Mosman,555 Military Rd Mosman 2088,2010-09-12 00:00:00.0,,,,1060,,,,
Mosman,555 Military Rd Mosman 2088,2010-09-12 00:15:00.0,,,,,,,47.1,
Mosman,555 Military Rd Mosman 2088,2010-09-12 00:30:00.0,,,,,,,,
Mosman,555 Military Rd Mosman 2088,2010-09-12 00:45:00.0,16.85,,49.9,,,,,
Mosman,555 Military Rd Mosman 2088,2010-09-12 01:00:00.0,,,,,1060,,,
Mosman,555 Military Rd Mosman 2088,2010-09-12 01:15:00.0,,,,,1060,,,
Mosman,555 Military Rd Mosman 2088,2010-09-12 01:30:00.0,,,,,,,,
Mosman,555 Military Rd Mosman 2088,2010-09-12 01:45:00.0,,,,,,,,
Mosman,555 Military Rd Mosman 2088,2010-09-12 02:00:00.0,,,,,,,,
Mosman,555 Military Rd Mosman 2088,2010-09-12 02:15:00.0,,,,,,,47.1,
Mosman,555 Military Rd Mosman 2088,2010-09-12 02:30:00.0,,,,,1060,,,0.00
Mosman,555 Military Rd Mosman 2088,2010-09-12 02:45:00.0,25.7,,,,,,,0.00
Mosman,555 Military Rd Mosman 2088,2010-09-12 03:00:00.0,,,,,,,,0.00
Mosman,555 Military Rd Mosman 2088,2010-09-12 03:15:00.0,,,,,,69.3,47.1,
Mosman,555 Military Rd Mosman 2088,2010-09-12 03:30:00.0,,,,,,,,0.00
Mosman,555 Military Rd Mosman 2088,2010-09-12 03:45:00.0,,,,,,,47.1,
Mosman,555 Military Rd Mosman 2088,2010-09-12 04:00:00.0,20.54,,,,,,,
Mosman,555 Military Rd Mosman 2088,2010-09-12 04:15:00.0,,,,,,,,
Mosman,555 Military Rd Mosman 2088,2010-09-12 04:30:00.0,,,,,,,,
Mosman,555 Military Rd Mosman 2088,2010-09-12 04:45:00.0,,,,,,69.3,,
Mosman,555 Military Rd Mosman 2088,2010-09-12 05:00:00.0,,,,,,69.3,,0.00
Mosman,555 Military Rd Mosman 2088,2010-09-12 05:15:00.0,,,,,,,,
Mosman,555 Military Rd Mosman 2088,2010-09-12 05:30:00.0,,61.5,,1060,,69.3,,
Mosman,555 Military Rd Mosman 2088,2010-09-12 05:45:00.0,,,,,,,47.1,
Mosman,555 Military Rd Mosman 2088,2010-09-12 06:00:00.0,22.08,,,,,,,
Mosman,555 Military Rd Mosman 2088,2010-09-12 06:15:00.0,,,49.9,,,,,
Mosman,555 Military Rd Mosman 2088,2010-09-12 06:30:00.0,,,,,1060,,,0.00
Mosman,555 Military Rd Mosman 2088,2010-09-12 06:45:00.0,,,49.9,,,,,
Mosman,555 Military Rd Mosman 2088,2010-09-12 07:00:00.0,,,,,,,,
Mosman,555 Military Rd Mosman 2088,2010-09-12 07:15:00.0,,61.5,49.9,,,,,
Mosman,555 Military Rd Mosman 2088,2010-09-12 07:30:00.0,24.96,,,,1060,,,
Mosman,555 Military Rd Mosman 2088,2010-09-12 07:45:00.0,,,,,,,,
Mosman,555 Military Rd Mosman 2088,2010-09-12 08:00:00.0,,,,,,,47.1,
Mosman,555 Military Rd Mosman 2088,2010-09-12 08:15:00.0,,,,1060,,,,
Mosman,555 Military Rd Mosman 2088,2010-09-12 08:30:00.0,,61.5,,,,,,
Mosman,555 Military Rd Mosman 2088,2010-09-12 08:45:00.0,,,,,,69.3,,
Mosman,555 Military Rd Mosman 2088,2010-09-12 09:00:00.0,,,,,,,,
Mosman,555 Military Rd Mosman 2088,2010-09-12 09:15:00.0,,,,,,,,
Mosman,555 Military Rd Mosman 2088,2010-09-12 09:30:00.0,,,,,,,,
Mosman,555 Military Rd Mosman 2088,2010-09-12 09:45:00.0,,,49.9,,,69.3,,
Mosman,555 Military Rd Mosman 2088,2010-09-12 10:00:00.0,,,,,,,,
Mosman,555 Military Rd Mosman 2088,2010-09-12 10:15:00.0,,,,,,,,
Mosman,555 Military Rd Mosman 2088,2010-09-12 10:30:00.0,,,,,,,,
Mosman,555 Military Rd Mosman 2088,2010-09-12 10:45:00.0,,,,,,69.3,,
Mosman,555 Military Rd Mosman 2088,2010-09-12 11:00:00.0,,,,,,,,0.00
Mosman,555 Military Rd Mosman 2088,2010-09-12 11:15:00.0,,,,,,,,
Mosman,555 Military Rd Mosman 2088,2010-09-12 11:30:00.0,,,,,,,,
Mosman,555 Military Rd Mosman 2088,2010-09-12 11:45:00.0,36.64,,49.9,,,,,
Mosman,555 Military Rd Mosman 2088,2010-09-12 12:00:00.0,40.78,,,,,,,
Mosman,555 Military Rd Mosman 2088,2010-09-12 12:15:00.0,36.03,,,,,,,
Mosman,555 Military Rd Mosman 2088,2010-09-12 12:30:00.0,,,,,,,,
Mosman,555 Military Rd Mosman 2088,2010-09-12 12:45:00.0,,,,,,,,
Mosman,555 Military Rd Mosman 2088,2010-09-12 13:00:00.0,37.2,,,,,,,
Mosman,555 Military Rd Mosman 2088,2010-09-12 13:15:00.0,,,,,1060,,,
Mosman,555 Military Rd Mosman 2088,2010-09-12 13:30:00.0,,,,,,,,
Mosman,555 Military Rd Mosman 2088,2010-09-12 13:45:00.0,,,,,,69.3,,
Mosman,555 Military Rd Mosman 2088,2010-09-12 14:00:00.0,33.37,,49.9,,,,,
Mosman,555 Military Rd Mosman 2088,2010-09-12 14:15:00.0,33.69,,,,,,,
Mosman,555 Military Rd Mosman 2088,2010-09-12 14:30:00.0,,,,1060,,,,
Mosman,555 Military Rd Mosman 2088,2010-09-12 14:45:00.0,,,,,,,,
Mosman,555 Military Rd Mosman 2088,2010-09-12 15:00:00.0,,,49.9,,,,,0.00
Mosman,555 Military Rd Mosman 2088,2010-09-12 15:15:00.0,32.01,,,,,,,
Mosman,555 Military Rd Mosman 2088,2010-09-12 15:30:00.0,,,,,,,,
Mosman,555 Military Rd Mosman 2088,2010-09-12 15:45:00.0,,,,,,,,
Mosman,555 Military Rd Mosman 2088,2010-09-12 16:00:00.0,,,,,,,,
Mosman,555 Military Rd Mosman 2088,2010-09-12 16:15:00.0,,,,,,,,
Mosman,555 Military Rd Mosman 2088,2010-09-12 16:30:00.0,,61.5,,,,,,0.00
Mosman,555 Military Rd Mosman 2088,2010-09-12 16:45:00.0,,,,,,,,0.00
Mosman,555 Military Rd Mosman 2088,2010-09-12 17:00:00.0,,61.5,,1060,,69.3,47.1,0.00
Mosman,555 Military Rd Mosman 2088,2010-09-12 17:15:00.0,,,,,,,,
Mosman,555 Military Rd Mosman 2088,2010-09-12 17:30:00.0,37.98,,,,,69.3,,
Mosman,555 Military Rd Mosman 2088,2010-09-12 17:45:00.0,,,,,,,,
Mosman,555 Military Rd Mosman 2088,2010-09-12 18:00:00.0,,61.5,,1060,1060,,47.1,
Mosman,555 Military Rd Mosman 2088,2010-09-12 18:15:00.0,,,,,,,47.1,
Mosman,555 Military Rd Mosman 2088,2010-09-12 18:30:00.0,,,,,,,,
Mosman,555 Military Rd Mosman 2088,2010-09-12 18:45:00.0,,,,,,,,
Mosman,555 Military Rd Mosman 2088,2010-09-12 19:00:00.0,,61.5,,,,,,
Mosman,555 Military Rd Mosman 2088,2010-09-12 19:15:00.0,,,49.9,,,,,
Mosman,555 Military Rd Mosman 2088,2010-09-12 19:30:00.0,,,,,,69.3,,
Mosman,555 Military Rd Mosman 2088,2010-09-12 19:45:00.0,,,49.9,1060,,,,0.00
Mosman,555 Military Rd Mosman 2088,2010-09-12 20:00:00.0,,,,,,,,
Mosman,555 Military Rd Mosman 2088,2010-09-12 20:15:00.0,,,,,,,,0.00
Mosman,555 Military Rd Mosman 2088,2010-09-12 20:30:00.0,,,,,,,,
Mosman,555 Military Rd Mosman 2088,2010-09-12 20:45:00.0,,,,,,,47.1,
Mosman,555 Military Rd Mosman 2088,2010-09-12 21:00:00.0,,,,,,,,
Mosman,555 Military Rd Mosman 2088,2010-09-12 21:15:00.0,,,,,,,,
Mosman,555 Military Rd Mosman 2088,2010-09-12 21:30:00.0,,,,1060,,69.3,,
Mosman,555 Military Rd Mosman 2088,2010-09-12 21:45:00.0,,,,,,,,
Mosman,555 Military Rd Mosman 2088,2010-09-12 22:00:00.0,,,,1060,,,,
Mosman,555 Military Rd Mosman 2088,2010-09-12 22:15:00.0,,,,,,,47.1,
Mosman,555 Military Rd Mosman 2088,2010-09-12 22:30:00.0,17.93,,,,,,,
Mosman,555 Military Rd Mosman 2088,2010-09-12 22:45:00.0,,,,,,,,0.00
Mosman,555 Military Rd Mosman 2088,2010-09-12 23:00:00.0,,,,,,,,
Mosman,555 Military Rd Mosman 2088,2010-09-12 23:15:00.0,,,,,,,,
Mosman,555 Military Rd Mosman 2088,2010-09-12 23:30:00.0,,,,,,,,
Mosman,555 Military Rd Mosman 2088,2010-09-12 23:45:00.0,,,,,,,,
Mosman,555 Military Rd Mosman 2088,2010-09-13 00:00:00.0,,,,,,75.6,,
Mosman,555 Military Rd Mosman 2088,2010-09-13 00:15:00.0,,,,1060,,,55.8,
Mosman,555 Military Rd Mosman 2088,2010-09-13 00:30:00.0,,,,,,,55.8,
Mosman,555 Military Rd Mosman 2088,2010-09-13 00:45:00.0,,,,,,,,
Mosman,555 Military Rd Mosman 2088,2010-09-13 01:00:00.0,,65.6,,,,,,
Mosman,555 Military Rd Mosman 2088,2010-09-13 01:15:00.0,,65.6,,,,,,
Mosman,555 Military Rd Mosman 2088,2010-09-13 01:30:00.0,,,,,,,,0.00
Mosman,555 Military Rd Mosman 2088,2010-09-13 01:45:00.0,,,,,,,,
Mosman,555 Military Rd Mosman 2088,2010-09-13 02:00:00.0,,,,,,,55.8,
Mosman,555 Military Rd Mosman 2088,2010-09-13 02:15:00.0,,,,,,,,
Mosman,555 Military Rd Mosman 2088,2010-09-13 02:30:00.0,26.43,,,,,,,
Mosman,555 Military Rd Mosman 2088,2010-09-13 02:45:00.0,,65.6,,,,,,
Mosman,555 Military Rd Mosman 2088,2010-09-13 03:00:00.0,,,,1060,,,,
Mosman,555 Military Rd Mosman 2088,2010-09-13 03:15:00.0,26.83,,,,,,,
Mosman,555 Military Rd Mosman 2088,2010-09-13 03:30:00.0,26.91,,,,1060,,,0.00
Mosman,555 Military Rd Mosman 2088,2010-09-13 03:45:00.0,27.61,,45.2,,,,,
Mosman,555 Military Rd Mosman 2088,2010-09-13 04:00:00.0,,,,,,,,
Mosman,555 Military Rd Mosman 2088,2010-09-13 04:15:00.0,,,,,,,,
Mosman,555 Military Rd Mosman 2088,2010-09-13 04:30:00.0,,,,,,,,
Mosman,555 Military Rd Mosman 2088,2010-09-13 04:45:00.0,,,,,,,,
Mosman,555 Military Rd Mosman 2088,2010-09-13 05:00:00.0,,,,,,,,
Mosman,555 Military Rd Mosman 2088,2010-09-13 05:15:00.0,,,,,,,55.8,
Mosman,555 Military Rd Mosman 2088,2010-09-13 05:30:00.0,,,,,,,,
Mosman,555 Military Rd Mosman 2088,2010-09-13 05:45:00.0,,,,,,,,
Mosman,555 Military Rd Mosman 2088,2010-09-13 06:00:00.0,,,,,,75.6,,
Mosman,555 Military Rd Mosman 2088,2010-09-13 06:15:00.0,,,,,,,,
Mosman,555 Military Rd Mosman 2088,2010-09-13 06:30:00.0,,65.6,,,1060,75.6,,0.00
Mosman,555 Military Rd Mosman 2088,2010-09-13 06:45:00.0,38.89,,,,,,,
Mosman,555 Military Rd Mosman 2088,2010-09-13 07:00:00.0,,,,,,,55.8,
Mosman,555 Military Rd Mosman 2088,2010-09-13 07:15:00.0,,,,,,,,
Mosman,555 Military Rd Mosman 2088,2010-09-13 07:30:00.0,,,,,,,,
Mosman,555 Military Rd Mosman 2088,2010-09-13 07:45:00.0,,,,,,,,
Mosman,555 Military Rd Mosman 2088,2010-09-13 08:00:00.0,,,45.2,,1060,,,0.00
Mosman,555 Military Rd Mosman 2088,2010-09-13 08:15:00.0,,,,,,,,
Mosman,555 Military Rd Mosman 2088,2010-09-13 08:30:00.0,,,,,,,,
Mosman,555 Military Rd Mosman 2088,2010-09-13 08:45:00.0,39.88,,,,1060,75.6,,
Mosman,555 Military Rd Mosman 2088,2010-09-13 09:00:00.0,38.7,,,,,,,
Mosman,555 Military Rd Mosman 2088,2010-09-13 09:15:00.0,,,45.2,,,,,
Mosman,555 Military Rd Mosman 2088,2010-09-13 09:30:00.0,,,,,,,,
Mosman,555 Military Rd Mosman 2088,2010-09-13 09:45:00.0,,,,,,,,
Mosman,555 Military Rd Mosman 2088,2010-09-13 10:00:00.0,,,,,,,,
Mosman,555 Military Rd Mosman 2088,2010-09-13 10:15:00.0,,,,,,,,
Mosman,555 Military Rd Mosman 2088,2010-09-13 10:30:00.0,,,,,,,,
Mosman,555 Military Rd Mosman 2088,2010-09-13 10:45:00.0,,,,,,,,
Mosman,555 Military Rd Mosman 2088,2010-09-13 11:00:00.0,,65.6,,1060,,,,0.00
Mosman,555 Military Rd Mosman 2088,2010-09-13 11:15:00.0,,,,,,,,
Mosman,555 Military Rd Mosman 2088,2010-09-13 11:30:00.0,,,,,,75.6,55.8,
Mosman,555 Military Rd Mosman 2088,2010-09-13 11:45:00.0,,,,,,,,0.00
Mosman,555 Military Rd Mosman 2088,2010-09-13 12:00:00.0,,,,,,,,
Mosman,555 Military Rd Mosman 2088,2010-09-13 12:15:00.0,,,,,1060,,,0.00
Mosman,555 Military Rd Mosman 2088,2010-09-13 12:30:00.0,,,,,,,55.8,
Mosman,555 Military Rd Mosman 2088,2010-09-13 12:45:00.0,,,,,1060,,,
Mosman,555 Military Rd Mosman 2088,2010-09-13 13:00:00.0,,,,,,,,0.00
Mosman,555 Military Rd Mosman 2088,2010-09-13 13:15:00.0,,,,,,75.6,55.8,
Mosman,555 Military Rd Mosman 2088,2010-09-13 13:30:00.0,,,,1060,,75.6,,
Mosman,555 Military Rd Mosman 2088,2010-09-13 13:45:00.0,,,,,,,,
Mosman,555 Military Rd Mosman 2088,2010-09-13 14:00:00.0,,65.6,,,,,,
Mosman,555 Military Rd Mosman 2088,2010-09-13 14:15:00.0,,,,,,,,
Mosman,555 Military Rd Mosman 2088,2010-09-13 14:30:00.0,,65.6,,,,,,
Mosman,555 Military Rd Mosman 2088,2010-09-13 14:45:00.0,,,,,,,,
Mosman,555 Military Rd Mosman 2088,2010-09-13 15:00:00.0,,,,,,,,
Mosman,555 Military Rd Mosman 2088,2010-09-13 15:15:00.0,,,,,,,,
Mosman,555 Military Rd Mosman 2088,2010-09-13 15:30:00.0,,,45.2,,,,,
Mosman,555 Military Rd Mosman 2088,2010-09-13 15:45:00.0,,65.6,,,,,,
Mosman,555 Military Rd Mosman 2088,2010-09-13 16:00:00.0,,,,,,,,
Mosman,555 Military Rd Mosman 2088,2010-09-13 16:15:00.0,,,,,,75.6,,
Mosman,555 Military Rd Mosman 2088,2010-09-13 16:30:00.0,,65.6,,,,,,
Mosman,555 Military Rd Mosman 2088,2010-09-13 16:45:00.0,,,,,,,,
Mosman,555 Military Rd Mosman 2088,2010-09-13 17:00:00.0,36.34,,,,,,,
Mosman,555 Military Rd Mosman 2088,2010-09-13 17:15:00.0,,,,,,,,
Mosman,555 Military Rd Mosman 2088,2010-09-13 17:30:00.0,,,,,,,,
Mosman,555 Military Rd Mosman 2088,2010-09-13 17:45:00.0,,,,,,,,
Mosman,555 Military Rd Mosman 2088,2010-09-13 18:00:00.0,,,,1060,,,,
Mosman,555 Military Rd Mosman 2088,2010-09-13 18:15:00.0,,,,,,,,0.00
Mosman,555 Military Rd Mosman 2088,2010-09-13 18:30:00.0,,65.6,,,,,,
Mosman,555 Military Rd Mosman 2088,2010-09-13 18:45:00.0,,,,1060,,75.6,,
Mosman,555 Military Rd Mosman 2088,2010-09-13 19:00:00.0,,,,,,,,
Mosman,555 Military Rd Mosman 2088,2010-09-13 19:15:00.0,,,,,,,,
Mosman,555 Military Rd Mosman 2088,2010-09-13 19:30:00.0,,,,,,,,0.00
Mosman,555 Military Rd Mosman 2088,2010-09-13 19:45:00.0,,,45.2,,1060,,,
Mosman,555 Military Rd Mosman 2088,2010-09-13 20:00:00.0,,,,,,,,
Mosman,555 Military Rd Mosman 2088,2010-09-13 20:15:00.0,,,,,,,,
Mosman,555 Military Rd Mosman 2088,2010-09-13 20:30:00.0,,,,,,,,
Mosman,555 Military Rd Mosman 2088,2010-09-13 20:45:00.0,,,,,,,,
Mosman,555 Military Rd Mosman 2088,2010-09-13 21:00:00.0,,,,,,,,0.00
Mosman,555 Military Rd Mosman 2088,2010-09-13 21:15:00.0,,,,,,,,0.00
Mosman,555 Military Rd Mosman 2088,2010-09-13 21:30:00.0,,,,,,,,
Mosman,555 Military Rd Mosman 2088,2010-09-13 21:45:00.0,,,,,,,,
Mosman,555 Military Rd Mosman 2088,2010-09-13 22:00:00.0,,,,,1060,,,
Mosman,555 Military Rd Mosman 2088,2010-09-13 22:15:00.0,,,,1060,,,,
Mosman,555 Military Rd Mosman 2088,2010-09-13 22:30:00.0,,,,,,,,
Mosman,555 Military Rd Mosman 2088,2010-09-13 22:45:00.0,,,,,,,,0.00
Mosman,555 Military Rd Mosman 2088,2010-09-13 23:00:00.0,,,45.2,1060,,,,
Mosman,555 Military Rd Mosman 2088,2010-09-13 23:15:00.0,,,,,,,,
Mosman,555 Military Rd Mosman 2088,2010-09-13 23:30:00.0,,,,,,,,
Mosman,555 Military Rd Mosman 2088,2010-09-13 23:45:00.0,,,45.2,,,,,
Mosman,555 Military Rd Mosman 2088,2010-09-14 00:00:00.0,,,,1060,,,,
Mosman,555 Military Rd Mosman 2088,2010-09-14 00:15:00.0,,,,,,,,
Mosman,555 Military Rd Mosman 2088,2010-09-14 00:30:00.0,,,,,,,,0.45
Mosman,555 Military Rd Mosman 2088,2010-09-14 00:45:00.0,,,,,,,,
Mosman,555 Military Rd Mosman 2088,2010-09-14 01:00:00.0,,,,,,,,
Mosman,555 Military Rd Mosman 2088,2010-09-14 01:15:00.0,,,,,,,,
Mosman,555 Military Rd Mosman 2088,2010-09-14 01:30:00.0,,,,,,,,
Mosman,555 Military Rd Mosman 2088,2010-09-14 01:45:00.0,24.14,58.7,,,,,,
Mosman,555 Military Rd Mosman 2088,2010-09-14 02:00:00.0,,,,1060,,,,
Mosman,555 Military Rd Mosman 2088,2010-09-14 02:15:00.0,,,54.8,,,,,
Mosman,555 Military Rd Mosman 2088,2010-09-14 02:30:00.0,,,,,,,,
Mosman,555 Military Rd Mosman 2088,2010-09-14 02:45:00.0,,,,,,,,
Mosman,555 Military Rd Mosman 2088,2010-09-14 03:00:00.0,,58.7,,,,,,
Mosman,555 Military Rd Mosman 2088,2010-09-14 03:15:00.0,,,,,,,,
Mosman,555 Military Rd Mosman 2088,2010-09-14 03:30:00.0,,,54.8,,,,,
Mosman,555 Military Rd Mosman 2088,2010-09-14 03:45:00.0,25.32,,,,1060,,,
Mosman,555 Military Rd Mosman 2088,2010-09-14 04:00:00.0,,,54.8,,,,,
Mosman,555 Military Rd Mosman 2088,2010-09-14 04:15:00.0,,,,1060,1060,,,
Mosman,555 Military Rd Mosman 2088,2010-09-14 04:30:00.0,,58.7,,,1060,,,
Mosman,555 Military Rd Mosman 2088,2010-09-14 04:45:00.0,,,,1060,,,,
Mosman,555 Military Rd Mosman 2088,2010-09-14 05:00:00.0,,58.7,,,,,,
Mosman,555 Military Rd Mosman 2088,2010-09-14 05:15:00.0,,,,,,,,
Mosman,555 Military Rd Mosman 2088,2010-09-14 05:30:00.0,,,,,,,,
Mosman,555 Military Rd Mosman 2088,2010-09-14 05:45:00.0,,,54.8,,,,,
Mosman,555 Military Rd Mosman 2088,2010-09-14 06:00:00.0,,,,,,,,
Mosman,555 Military Rd Mosman 2088,2010-09-14 06:15:00.0,,,,,,,,
Mosman,555 Military Rd Mosman 2088,2010-09-14 06:30:00.0,,,,,,,,0.45
Mosman,555 Military Rd Mosman 2088,2010-09-14 06:45:00.0,,,,1060,,,,
Mosman,555 Military Rd Mosman 2088,2010-09-14 07:00:00.0,,,,,,,,
Mosman,555 Military Rd Mosman 2088,2010-09-14 07:15:00.0,,,,,,,,
Mosman,555 Military Rd Mosman 2088,2010-09-14 07:30:00.0,42.22,,,1060,,,,
Mosman,555 Military Rd Mosman 2088,2010-09-14 07:45:00.0,,,,1060,1060,,,
Mosman,555 Military Rd Mosman 2088,2010-09-14 08:00:00.0,,,,,1060,,,
Mosman,555 Military Rd Mosman 2088,2010-09-14 08:15:00.0,,,,,,,53.6,0.45
Mosman,555 Military Rd Mosman 2088,2010-09-14 08:30:00.0,38.62,,,,,,,
Mosman,555 Military Rd Mosman 2088,2010-09-14 08:45:00.0,39.61,,,,,,,
Mosman,555 Military Rd Mosman 2088,2010-09-14 09:00:00.0,,,,,,,,
Mosman,555 Military Rd Mosman 2088,2010-09-14 09:15:00.0,,,,,,,,
Mosman,555 Military Rd Mosman 2088,2010-09-14 09:30:00.0,,,,,,,,
Mosman,555 Military Rd Mosman 2088,2010-09-14 09:45:00.0,,,,,,,,
Mosman,555 Military Rd Mosman 2088,2010-09-14 10:00:00.0,,58.7,,,,,,
Mosman,555 Military Rd Mosman 2088,2010-09-14 10:15:00.0,,,,1060,,,,
Mosman,555 Military Rd Mosman 2088,2010-09-14 10:30:00.0,,,,,,,53.6,
Mosman,555 Military Rd Mosman 2088,2010-09-14 10:45:00.0,,,,,,,,
Mosman,555 Military Rd Mosman 2088,2010-09-14 11:00:00.0,,,,,,64.8,,
Mosman,555 Military Rd Mosman 2088,2010-09-14 11:15:00.0,,,,,,,,
Mosman,555 Military Rd Mosman 2088,2010-09-14 11:30:00.0,,,,,,,,
Mosman,555 Military Rd Mosman 2088,2010-09-14 11:45:00.0,,,,,,,,0.45
Mosman,555 Military Rd Mosman 2088,2010-09-14 12:00:00.0,,,,,,,,
Mosman,555 Military Rd Mosman 2088,2010-09-14 12:15:00.0,35.88,,,1060,,64.8,,
Mosman,555 Military Rd Mosman 2088,2010-09-14 12:30:00.0,,,,,,,,
Mosman,555 Military Rd Mosman 2088,2010-09-14 12:45:00.0,32.7,,,1060,,,,
Mosman,555 Military Rd Mosman 2088,2010-09-14 13:00:00.0,,,54.8,,,,53.6,
Mosman,555 Military Rd Mosman 2088,2010-09-14 13:15:00.0,37.06,,,,,64.8,53.6,
Mosman,555 Military Rd Mosman 2088,2010-09-14 13:30:00.0,,58.7,,,,,,
Mosman,555 Military Rd Mosman 2088,2010-09-14 13:45:00.0,34.88,,,,,,,
Mosman,555 Military Rd Mosman 2088,2010-09-14 14:00:00.0,33.05,,,,1060,,,
Mosman,555 Military Rd Mosman 2088,2010-09-14 14:15:00.0,,,54.8,,,,,
Mosman,555 Military Rd Mosman 2088,2010-09-14 14:30:00.0,,,54.8,,1060,,,
Mosman,555 Military Rd Mosman 2088,2010-09-14 14:45:00.0,,,,,,,,
Mosman,555 Military Rd Mosman 2088,2010-09-14 15:00:00.0,,58.7,,,,,,
Mosman,555 Military Rd Mosman 2088,2010-09-14 15:15:00.0,,,54.8,,1060,,,
Mosman,555 Military Rd Mosman 2088,2010-09-14 15:30:00.0,,,,,,,,
Mosman,555 Military Rd Mosman 2088,2010-09-14 15:45:00.0,,58.7,,,,,53.6,
Mosman,555 Military Rd Mosman 2088,2010-09-14 16:00:00.0,,58.7,,,1060,,,
Mosman,555 Military Rd Mosman 2088,2010-09-14 16:15:00.0,,,,,,,,0.45
Mosman,555 Military Rd Mosman 2088,2010-09-14 16:30:00.0,,,54.8,,1060,64.8,,
Mosman,555 Military Rd Mosman 2088,2010-09-14 16:45:00.0,36.33,58.7,,,,,,
Mosman,555 Military Rd Mosman 2088,2010-09-14 17:00:00.0,,,,,,64.8,,
Mosman,555 Military Rd Mosman 2088,2010-09-14 17:15:00.0,36.01,,,,,,53.6,0.45
Mosman,555 Military Rd Mosman 2088,2010-09-14 17:30:00.0,,,,,,,,
Mosman,555 Military Rd Mosman 2088,2010-09-14 17:45:00.0,,,,1060,,64.8,53.6,
Mosman,555 Military Rd Mosman 2088,2010-09-14 18:00:00.0,,,,,,,,
Mosman,555 Military Rd Mosman 2088,2010-09-14 18:15:00.0,,,,,1060,,,
Mosman,555 Military Rd Mosman 2088,2010-09-14 18:30:00.0,,,,,,,,
Mosman,555 Military Rd Mosman 2088,2010-09-14 18:45:00.0,,,,,,64.8,,
Mosman,555 Military Rd Mosman 2088,2010-09-14 19:00:00.0,,,,1060,,,,0.45
Mosman,555 Military Rd Mosman 2088,2010-09-14 19:15:00.0,,,,,,,,
Mosman,555 Military Rd Mosman 2088,2010-09-14 19:30:00.0,,,,,1060,,,
Mosman,555 Military Rd Mosman 2088,2010-09-14 19:45:00.0,,,,,,,,0.45
Mosman,555 Military Rd Mosman 2088,2010-09-14 20:00:00.0,,,54.8,,,,,
Mosman,555 Military Rd Mosman 2088,2010-09-14 20:15:00.0,,,,1060,,,,
Mosman,555 Military Rd Mosman 2088,2010-09-14 20:30:00.0,,,,,,,,
Mosman,555 Military Rd Mosman 2088,2010-09-14 20:45:00.0,,,54.8,,1060,,,
Mosman,555 Military Rd Mosman 2088,2010-09-14 21:00:00.0,,,,,,64.8,,
Mosman,555 Military Rd Mosman 2088,2010-09-14 21:15:00.0,,,54.8,,,,,0.45
Mosman,555 Military Rd Mosman 2088,2010-09-14 21:30:00.0,,,,,,,,0.45
Mosman,555 Military Rd Mosman 2088,2010-09-14 21:45:00.0,,,,,,,,
Mosman,555 Military Rd Mosman 2088,2010-09-14 22:00:00.0,29.95,,,,,,,
Mosman,555 Military Rd Mosman 2088,2010-09-14 22:15:00.0,,,,,,,,
Mosman,555 Military Rd Mosman 2088,2010-09-14 22:30:00.0,,,,,,,53.6,
Mosman,555 Military Rd Mosman 2088,2010-09-14 22:45:00.0,,,,,,,,0.45
Mosman,555 Military Rd Mosman 2088,2010-09-14 23:00:00.0,,,,,,64.8,,0.45
Mosman,555 Military Rd Mosman 2088,2010-09-14 23:15:00.0,,,,,,,,
Mosman,555 Military Rd Mosman 2088,2010-09-14 23:30:00.0,,,,,,,,
Mosman,555 Military Rd Mosman 2088,2010-09-14 23:45:00.0,,,,,,,,0.45
Mosman,555 Military Rd Mosman 2088,2010-09-15 00:00:00.0,,,,,,,51.8,
Mosman,555 Military Rd Mosman 2088,2010-09-15 00:15:00.0,,,,1060,,,,0.00
Mosman,555 Military Rd Mosman 2088,2010-09-15 00:30:00.0,,,,,,,,
Mosman,555 Military Rd Mosman 2088,2010-09-15 00:45:00.0,,,,,,,,
Mosman,555 Military Rd Mosman 2088,2010-09-15 01:00:00.0,,,,,,,,0.00
Mosman,555 Military Rd Mosman 2088,2010-09-15 01:15:00.0,17.29,,39.8,,,66.4,,
Mosman,555 Military Rd Mosman 2088,2010-09-15 01:30:00.0,,,,,,,,
Mosman,555 Military Rd Mosman 2088,2010-09-15 01:45:00.0,,,,,,,51.8,0.00
Mosman,555 Military Rd Mosman 2088,2010-09-15 02:00:00.0,,59.0,,,,,,
Mosman,555 Military Rd Mosman 2088,2010-09-15 02:15:00.0,,,,,,66.4,,
Mosman,555 Military Rd Mosman 2088,2010-09-15 02:30:00.0,,,,,,,,
Mosman,555 Military Rd Mosman 2088,2010-09-15 02:45:00.0,,,,,,,,
Mosman,555 Military Rd Mosman 2088,2010-09-15 03:00:00.0,,,,,,,,
Mosman,555 Military Rd Mosman 2088,2010-09-15 03:15:00.0,,,39.8,,,,,
Mosman,555 Military Rd Mosman 2088,2010-09-15 03:30:00.0,,,,,,,,
Mosman,555 Military Rd Mosman 2088,2010-09-15 03:45:00.0,,,,,1060,,,0.00
Mosman,555 Military Rd Mosman 2088,2010-09-15 04:00:00.0,,59.0,,,,,,
Mosman,555 Military Rd Mosman 2088,2010-09-15 04:15:00.0,17.67,,39.8,,,,,
Mosman,555 Military Rd Mosman 2088,2010-09-15 04:30:00.0,,,,,,,,
Mosman,555 Military Rd Mosman 2088,2010-09-15 04:45:00.0,17.71,,,,,,,
Mosman,555 Military Rd Mosman 2088,2010-09-15 05:00:00.0,17.45,,,,,,,
Mosman,555 Military Rd Mosman 2088,2010-09-15 05:15:00.0,,59.0,,,,66.4,,
Mosman,555 Military Rd Mosman 2088,2010-09-15 05:30:00.0,17.43,,,,,,,
Mosman,555 Military Rd Mosman 2088,2010-09-15 05:45:00.0,,,,,,,51.8,
Mosman,555 Military Rd Mosman 2088,2010-09-15 06:00:00.0,,,,,,,,
Mosman,555 Military Rd Mosman 2088,2010-09-15 06:15:00.0,,,,,,,,
Mosman,555 Military Rd Mosman 2088,2010-09-15 06:30:00.0,,,39.8,,,,,
Mosman,555 Military Rd Mosman 2088,2010-09-15 06:45:00.0,,,,,,,,
Mosman,555 Military Rd Mosman 2088,2010-09-15 07:00:00.0,,,,,,,,
Mosman,555 Military Rd Mosman 2088,2010-09-15 07:15:00.0,,,,,,,,
Mosman,555 Military Rd Mosman 2088,2010-09-15 07:30:00.0,,,,,,,,
Mosman,555 Military Rd Mosman 2088,2010-09-15 07:45:00.0,,,,1060,,,,
Mosman,555 Military Rd Mosman 2088,2010-09-15 08:00:00.0,,,,,,,,
Mosman,555 Military Rd Mosman 2088,2010-09-15 08:15:00.0,,,,,,,,
Mosman,555 Military Rd Mosman 2088,2010-09-15 08:30:00.0,,,,,,66.4,,
Mosman,555 Military Rd Mosman 2088,2010-09-15 08:45:00.0,,,,,1060,,,
Mosman,555 Military Rd Mosman 2088,2010-09-15 09:00:00.0,,,,,,,,
Mosman,555 Military Rd Mosman 2088,2010-09-15 09:15:00.0,,,,1060,,,,
Mosman,555 Military Rd Mosman 2088,2010-09-15 09:30:00.0,,,,,,66.4,,
Mosman,555 Military Rd Mosman 2088,2010-09-15 09:45:00.0,,,,,,,,
Mosman,555 Military Rd Mosman 2088,2010-09-15 10:00:00.0,,,,,,,,
Mosman,555 Military Rd Mosman 2088,2010-09-15 10:15:00.0,,,,1060,,,,
Mosman,555 Military Rd Mosman 2088,2010-09-15 10:30:00.0,,59.0,,1060,,,,
Mosman,555 Military Rd Mosman 2088,2010-09-15 10:45:00.0,,,,,,66.4,,
Mosman,555 Military Rd Mosman 2088,2010-09-15 11:00:00.0,,,39.8,1060,,,51.8,
Mosman,555 Military Rd Mosman 2088,2010-09-15 11:15:00.0,,,,,1060,66.4,,
Mosman,555 Military Rd Mosman 2088,2010-09-15 11:30:00.0,,,,,,66.4,,
Mosman,555 Military Rd Mosman 2088,2010-09-15 11:45:00.0,,,,,,,,
Mosman,555 Military Rd Mosman 2088,2010-09-15 12:00:00.0,,,,,,,,
Mosman,555 Military Rd Mosman 2088,2010-09-15 12:15:00.0,,,,,,,,
Mosman,555 Military Rd Mosman 2088,2010-09-15 12:30:00.0,,,39.8,,1060,,,
Mosman,555 Military Rd Mosman 2088,2010-09-15 12:45:00.0,,,,,1060,66.4,,
Mosman,555 Military Rd Mosman 2088,2010-09-15 13:00:00.0,,,,,,,,
Mosman,555 Military Rd Mosman 2088,2010-09-15 13:15:00.0,,,,,,,,
Mosman,555 Military Rd Mosman 2088,2010-09-15 13:30:00.0,,,,,1060,,,
Mosman,555 Military Rd Mosman 2088,2010-09-15 13:45:00.0,,,,,1060,,,
Mosman,555 Military Rd Mosman 2088,2010-09-15 14:00:00.0,,,,,,,,
Mosman,555 Military Rd Mosman 2088,2010-09-15 14:15:00.0,36.93,,,,1060,,,
Mosman,555 Military Rd Mosman 2088,2010-09-15 14:30:00.0,,,,,,,,
Mosman,555 Military Rd Mosman 2088,2010-09-15 14:45:00.0,,,39.8,,1060,,,
Mosman,555 Military Rd Mosman 2088,2010-09-15 15:00:00.0,,,,,,,51.8,
Mosman,555 Military Rd Mosman 2088,2010-09-15 15:15:00.0,,,,1060,,,,
Mosman,555 Military Rd Mosman 2088,2010-09-15 15:30:00.0,,,,1060,1060,,,
Mosman,555 Military Rd Mosman 2088,2010-09-15 15:45:00.0,,,,,,,,0.00
Mosman,555 Military Rd Mosman 2088,2010-09-15 16:00:00.0,,,,,,,51.8,
Mosman,555 Military Rd Mosman 2088,2010-09-15 16:15:00.0,,59.0,,1060,,,,
Mosman,555 Military Rd Mosman 2088,2010-09-15 16:30:00.0,,,,,,,51.8,
Mosman,555 Military Rd Mosman 2088,2010-09-15 16:45:00.0,,,,,,,,
Mosman,555 Military Rd Mosman 2088,2010-09-15 17:00:00.0,,,,,,,,
Mosman,555 Military Rd Mosman 2088,2010-09-15 17:15:00.0,,,,1060,,,,
Mosman,555 Military Rd Mosman 2088,2010-09-15 17:30:00.0,,,,,,,,
Mosman,555 Military Rd Mosman 2088,2010-09-15 17:45:00.0,,,,,,,,
Mosman,555 Military Rd Mosman 2088,2010-09-15 18:00:00.0,,,,1060,,,,
Mosman,555 Military Rd Mosman 2088,2010-09-15 18:15:00.0,,,,,1060,,,
Mosman,555 Military Rd Mosman 2088,2010-09-15 18:30:00.0,,,,,,,,
Mosman,555 Military Rd Mosman 2088,2010-09-15 18:45:00.0,,,,,,,,
Mosman,555 Military Rd Mosman 2088,2010-09-15 19:00:00.0,,,39.8,1060,,,,
Mosman,555 Military Rd Mosman 2088,2010-09-15 19:15:00.0,,,,,,66.4,,
Mosman,555 Military Rd Mosman 2088,2010-09-15 19:30:00.0,,,,,,,51.8,
Mosman,555 Military Rd Mosman 2088,2010-09-15 19:45:00.0,,,,1060,,66.4,,
Mosman,555 Military Rd Mosman 2088,2010-09-15 20:00:00.0,,,,,,,,
Mosman,555 Military Rd Mosman 2088,2010-09-15 20:15:00.0,,,,,,,,
Mosman,555 Military Rd Mosman 2088,2010-09-15 20:30:00.0,,,,,,,51.8,
Mosman,555 Military Rd Mosman 2088,2010-09-15 20:45:00.0,,,39.8,,,,,
Mosman,555 Military Rd Mosman 2088,2010-09-15 21:00:00.0,,,39.8,,,,,0.00
Mosman,555 Military Rd Mosman 2088,2010-09-15 21:15:00.0,,,,,,,,
Mosman,555 Military Rd Mosman 2088,2010-09-15 21:30:00.0,,,,1060,,,,
Mosman,555 Military Rd Mosman 2088,2010-09-15 21:45:00.0,,,,,1060,,,
Mosman,555 Military Rd Mosman 2088,2010-09-15 22:00:00.0,,,,,1060,,51.8,0.00
Mosman,555 Military Rd Mosman 2088,2010-09-15 22:15:00.0,22.48,,,,,,,0.00
Mosman,555 Military Rd Mosman 2088,2010-09-15 22:30:00.0,,,,,,,,
Mosman,555 Military Rd Mosman 2088,2010-09-15 22:45:00.0,,59.0,,,,,,
Mosman,555 Military Rd Mosman 2088,2010-09-15 23:00:00.0,,,,,,,,
Mosman,555 Military Rd Mosman 2088,2010-09-15 23:15:00.0,,,,,,,,
Mosman,555 Military Rd Mosman 2088,2010-09-15 23:30:00.0,,,,1060,,66.4,,
Mosman,555 Military Rd Mosman 2088,2010-09-15 23:45:00.0,16.48,,,,,,,
Mosman,555 Military Rd Mosman 2088,2010-09-16 00:00:00.0,17.08,,,,,,,
Mosman,555 Military Rd Mosman 2088,2010-09-16 00:15:00.0,,,,,,,,0.00
Mosman,555 Military Rd Mosman 2088,2010-09-16 00:30:00.0,,,,,,,,
Mosman,555 Military Rd Mosman 2088,2010-09-16 00:45:00.0,,,,,,,48.2,
Mosman,555 Military Rd Mosman 2088,2010-09-16 01:00:00.0,,,,1060,,,,
Mosman,555 Military Rd Mosman 2088,2010-09-16 01:15:00.0,,,,,,,,
Mosman,555 Military Rd Mosman 2088,2010-09-16 01:30:00.0,,,,,,,,
Mosman,555 Military Rd Mosman 2088,2010-09-16 01:45:00.0,16.46,,,,,,48.2,
Mosman,555 Military Rd Mosman 2088,2010-09-16 02:00:00.0,,,31.9,1060,,,,
Mosman,555 Military Rd Mosman 2088,2010-09-16 02:15:00.0,,,,,1060,,,0.00
Mosman,555 Military Rd Mosman 2088,2010-09-16 02:30:00.0,,,,,1060,,,
Mosman,555 Military Rd Mosman 2088,2010-09-16 02:45:00.0,,,,,,,,
Mosman,555 Military Rd Mosman 2088,2010-09-16 03:00:00.0,,,,,,,,
Mosman,555 Military Rd Mosman 2088,2010-09-16 03:15:00.0,,,,,,,,
Mosman,555 Military Rd Mosman 2088,2010-09-16 03:30:00.0,,58.0,,,,,,
Mosman,555 Military Rd Mosman 2088,2010-09-16 03:45:00.0,,,,,,,,
Mosman,555 Military Rd Mosman 2088,2010-09-16 04:00:00.0,,,,,,,48.2,
Mosman,555 Military Rd Mosman 2088,2010-09-16 04:15:00.0,25.58,,,,,,,
Mosman,555 Military Rd Mosman 2088,2010-09-16 04:30:00.0,,,,,,,48.2,
Mosman,555 Military Rd Mosman 2088,2010-09-16 04:45:00.0,,,,,,,,
Mosman,555 Military Rd Mosman 2088,2010-09-16 05:00:00.0,,,31.9,1060,,,,
Mosman,555 Military Rd Mosman 2088,2010-09-16 05:15:00.0,,,,,,,,
Mosman,555 Military Rd Mosman 2088,2010-09-16 05:30:00.0,,,,,,,,
Mosman,555 Military Rd Mosman 2088,2010-09-16 05:45:00.0,,,,,,,,
Mosman,555 Military Rd Mosman 2088,2010-09-16 06:00:00.0,,,,,,,,
Mosman,555 Military Rd Mosman 2088,2010-09-16 06:15:00.0,,,,1060,,,,
Mosman,555 Military Rd Mosman 2088,2010-09-16 06:30:00.0,,,31.9,,,71.8,,
Mosman,555 Military Rd Mosman 2088,2010-09-16 06:45:00.0,,,,,,,,
Mosman,555 Military Rd Mosman 2088,2010-09-16 07:00:00.0,31.31,,,,,71.8,,
Mosman,555 Military Rd Mosman 2088,2010-09-16 07:15:00.0,,,,,,,,
Mosman,555 Military Rd Mosman 2088,2010-09-16 07:30:00.0,,58.0,,,1060,,48.2,
Mosman,555 Military Rd Mosman 2088,2010-09-16 07:45:00.0,,,31.9,,1060,,,
Mosman,555 Military Rd Mosman 2088,2010-09-16 08:00:00.0,,,,,,,,
Mosman,555 Military Rd Mosman 2088,2010-09-16 08:15:00.0,,,31.9,1060,,,,
Mosman,555 Military Rd Mosman 2088,2010-09-16 08:30:00.0,,,,1060,,,,
Mosman,555 Military Rd Mosman 2088,2010-09-16 08:45:00.0,,,,,,,,
Mosman,555 Military Rd Mosman 2088,2010-09-16 09:00:00.0,,,,,,,,
Mosman,555 Military Rd Mosman 2088,2010-09-16 09:15:00.0,,,,,,,,0.00
Mosman,555 Military Rd Mosman 2088,2010-09-16 09:30:00.0,,58.0,,,1060,,,
Mosman,555 Military Rd Mosman 2088,2010-09-16 09:45:00.0,,,,,,,,
Mosman,555 Military Rd Mosman 2088,2010-09-16 10:00:00.0,,,,,,,,
Mosman,555 Military Rd Mosman 2088,2010-09-16 10:15:00.0,,,,,,,,
Mosman,555 Military Rd Mosman 2088,2010-09-16 10:30:00.0,,,,,,,,
Mosman,555 Military Rd Mosman 2088,2010-09-16 10:45:00.0,,58.0,,,,,,0.00
Mosman,555 Military Rd Mosman 2088,2010-09-16 11:00:00.0,,,,,,,,
Mosman,555 Military Rd Mosman 2088,2010-09-16 11:15:00.0,,,,,,,,
Mosman,555 Military Rd Mosman 2088,2010-09-16 11:30:00.0,,,,,,,,
Mosman,555 Military Rd Mosman 2088,2010-09-16 11:45:00.0,,58.0,,,,,,
Mosman,555 Military Rd Mosman 2088,2010-09-16 12:00:00.0,,,,,,,,
Mosman,555 Military Rd Mosman 2088,2010-09-16 12:15:00.0,,58.0,,,,,,
Mosman,555 Military Rd Mosman 2088,2010-09-16 12:30:00.0,,58.0,,,,,,
Mosman,555 Military Rd Mosman 2088,2010-09-16 12:45:00.0,,,,,,,,
Mosman,555 Military Rd Mosman 2088,2010-09-16 13:00:00.0,,,,,,71.8,,
Mosman,555 Military Rd Mosman 2088,2010-09-16 13:15:00.0,,58.0,,,1060,,,
Mosman,555 Military Rd Mosman 2088,2010-09-16 13:30:00.0,,,,,,,,
Mosman,555 Military Rd Mosman 2088,2010-09-16 13:45:00.0,,,,,,,,
Mosman,555 Military Rd Mosman 2088,2010-09-16 14:00:00.0,,,,,,,,
Mosman,555 Military Rd Mosman 2088,2010-09-16 14:15:00.0,,,,,1060,,48.2,
Mosman,555 Military Rd Mosman 2088,2010-09-16 14:30:00.0,,58.0,,,,,,0.00
Mosman,555 Military Rd Mosman 2088,2010-09-16 14:45:00.0,,,,,,,,
Mosman,555 Military Rd Mosman 2088,2010-09-16 15:00:00.0,35.67,,31.9,,,,,0.00
Mosman,555 Military Rd Mosman 2088,2010-09-16 15:15:00.0,,,,,,,,
Mosman,555 Military Rd Mosman 2088,2010-09-16 15:30:00.0,,,,,,71.8,,
Mosman,555 Military Rd Mosman 2088,2010-09-16 15:45:00.0,,,,1060,,71.8,,0.00
Mosman,555 Military Rd Mosman 2088,2010-09-16 16:00:00.0,,,,,,,,0.00
Mosman,555 Military Rd Mosman 2088,2010-09-16 16:15:00.0,,,,1060,,,,
Mosman,555 Military Rd Mosman 2088,2010-09-16 16:30:00.0,,,,,1060,,,
Mosman,555 Military Rd Mosman 2088,2010-09-16 16:45:00.0,,,,,1060,71.8,,
Mosman,555 Military Rd Mosman 2088,2010-09-16 17:00:00.0,,58.0,,,,,,
Mosman,555 Military Rd Mosman 2088,2010-09-16 17:15:00.0,,,,,,,,
Mosman,555 Military Rd Mosman 2088,2010-09-16 17:30:00.0,,,,,,,,
Mosman,555 Military Rd Mosman 2088,2010-09-16 17:45:00.0,,,,1060,,,,
Mosman,555 Military Rd Mosman 2088,2010-09-16 18:00:00.0,,,,,,,,
Mosman,555 Military Rd Mosman 2088,2010-09-16 18:15:00.0,38.63,,,,,71.8,,
Mosman,555 Military Rd Mosman 2088,2010-09-16 18:30:00.0,,,,,,,,
Mosman,555 Military Rd Mosman 2088,2010-09-16 18:45:00.0,37.83,,,,1060,,,0.00
Mosman,555 Military Rd Mosman 2088,2010-09-16 19:00:00.0,,,,,,,,
Mosman,555 Military Rd Mosman 2088,2010-09-16 19:15:00.0,,,,,,,,0.00
Mosman,555 Military Rd Mosman 2088,2010-09-16 19:30:00.0,,,,,,,,
Mosman,555 Military Rd Mosman 2088,2010-09-16 19:45:00.0,,,,,,,,
Mosman,555 Military Rd Mosman 2088,2010-09-16 20:00:00.0,,,31.9,,,,,
Mosman,555 Military Rd Mosman 2088,2010-09-16 20:15:00.0,,,,,,,,
Mosman,555 Military Rd Mosman 2088,2010-09-16 20:30:00.0,,,,,,,,
Mosman,555 Military Rd Mosman 2088,2010-09-16 20:45:00.0,37.04,,31.9,,,,,0.00
Mosman,555 Military Rd Mosman 2088,2010-09-16 21:00:00.0,,,,,1060,,,
Mosman,555 Military Rd Mosman 2088,2010-09-16 21:15:00.0,26.48,,,,,,,
Mosman,555 Military Rd Mosman 2088,2010-09-16 21:30:00.0,,,,,,,,0.00
Mosman,555 Military Rd Mosman 2088,2010-09-16 21:45:00.0,,,,,,,,
Mosman,555 Military Rd Mosman 2088,2010-09-16 22:00:00.0,,,,,,,,
Mosman,555 Military Rd Mosman 2088,2010-09-16 22:15:00.0,,,,,,,,0.00
Mosman,555 Military Rd Mosman 2088,2010-09-16 22:30:00.0,,,,,,,,
Mosman,555 Military Rd Mosman 2088,2010-09-16 22:45:00.0,,,,,,,,
Mosman,555 Military Rd Mosman 2088,2010-09-16 23:00:00.0,,,,1060,,,48.2,
Mosman,555 Military Rd Mosman 2088,2010-09-16 23:15:00.0,,,,,,,48.2,
Mosman,555 Military Rd Mosman 2088,2010-09-16 23:30:00.0,,,,,,,,
Mosman,555 Military Rd Mosman 2088,2010-09-16 23:45:00.0,,,,,,,,0.00
